   6.920000000000000e-04
  -1.460000000000000e-04
   1.000000000000000e+00
   3.810900000000000e-02
   3.810900000000000e-02
   3.810900000000000e-02
   1.000000000000000e+00
   1.000000000000000e+00
   1.000000000000000e+00
   1.000000000000000e+00
   1.000000000000000e+00
   1.000000000000000e+00
   1.000000000000000e+00
   1.000000000000000e+00
   1.000000000000000e+00
   1.968500000000000e-02
   1.000000000000000e+00
   1.000000000000000e+00
   1.000000000000000e+00
   1.000000000000000e+00
   1.968500000000000e-02
   1.000000000000000e+00
   1.000000000000000e+00
   1.000000000000000e+00
   1.000000000000000e+00
   1.968500000000000e-02
   1.000000000000000e+00
   1.000000000000000e+00
   1.000000000000000e+00
   1.000000000000000e+00
   1.968500000000000e-02
   1.000000000000000e+00
   1.000000000000000e+00
   1.000000000000000e+00
   1.000000000000000e+00
   7.100000000000000e-04
  -1.600000000000000e-04
   1.000000000000000e+00
   4.301800000000000e-02
   4.301800000000000e-02
   4.301800000000000e-02
   1.000000000000000e+00
   1.000000000000000e+00
   1.000000000000000e+00
   1.000000000000000e+00
   1.000000000000000e+00
   1.000000000000000e+00
   1.000000000000000e+00
   1.000000000000000e+00
   1.000000000000000e+00
   5.329000000000000e-03
  -1.154000000000000e-03
   0.000000000000000e+00
   2.094800000000000e-01
   2.094800000000000e-01
   2.094800000000000e-01
   0.000000000000000e+00
   0.000000000000000e+00
   0.000000000000000e+00
   0.000000000000000e+00
   0.000000000000000e+00
   0.000000000000000e+00
   0.000000000000000e+00
   0.000000000000000e+00
   0.000000000000000e+00
   1.379770000000000e-01
   0.000000000000000e+00
   0.000000000000000e+00
   0.000000000000000e+00
   0.000000000000000e+00
   1.379770000000000e-01
   0.000000000000000e+00
   0.000000000000000e+00
   0.000000000000000e+00
   0.000000000000000e+00
   1.379770000000000e-01
   0.000000000000000e+00
   0.000000000000000e+00
   0.000000000000000e+00
   0.000000000000000e+00
   1.379770000000000e-01
   0.000000000000000e+00
   0.000000000000000e+00
   0.000000000000000e+00
   0.000000000000000e+00
   5.470000000000000e-03
  -1.263000000000000e-03
   0.000000000000000e+00
   2.289130000000000e-01
   2.289130000000000e-01
   2.289130000000000e-01
   0.000000000000000e+00
   0.000000000000000e+00
   0.000000000000000e+00
   0.000000000000000e+00
   0.000000000000000e+00
   0.000000000000000e+00
   0.000000000000000e+00
   0.000000000000000e+00
   0.000000000000000e+00
   2.707700000000000e-02
  -5.725000000000000e-03
   0.000000000000000e+00
   5.085570000000000e-01
   5.085570000000000e-01
   5.085570000000000e-01
   0.000000000000000e+00
   0.000000000000000e+00
   0.000000000000000e+00
   0.000000000000000e+00
   0.000000000000000e+00
   0.000000000000000e+00
   0.000000000000000e+00
   0.000000000000000e+00
   0.000000000000000e+00
   4.781480000000000e-01
   0.000000000000000e+00
   0.000000000000000e+00
   0.000000000000000e+00
   0.000000000000000e+00
   4.781480000000000e-01
   0.000000000000000e+00
   0.000000000000000e+00
   0.000000000000000e+00
   0.000000000000000e+00
   4.781480000000000e-01
   0.000000000000000e+00
   0.000000000000000e+00
   0.000000000000000e+00
   0.000000000000000e+00
   4.781480000000000e-01
   0.000000000000000e+00
   0.000000000000000e+00
   0.000000000000000e+00
   0.000000000000000e+00
   2.783700000000000e-02
  -6.267000000000000e-03
   0.000000000000000e+00
   5.087280000000000e-01
   5.087280000000000e-01
   5.087280000000000e-01
   0.000000000000000e+00
   0.000000000000000e+00
   0.000000000000000e+00
   0.000000000000000e+00
   0.000000000000000e+00
   0.000000000000000e+00
   0.000000000000000e+00
   0.000000000000000e+00
   0.000000000000000e+00
   1.017180000000000e-01
  -2.331200000000000e-02
   0.000000000000000e+00
   4.688420000000000e-01
   4.688420000000000e-01
   4.688420000000000e-01
   0.000000000000000e+00
   0.000000000000000e+00
   0.000000000000000e+00
   0.000000000000000e+00
   0.000000000000000e+00
   0.000000000000000e+00
   0.000000000000000e+00
   0.000000000000000e+00
   0.000000000000000e+00
   5.012400000000000e-01
   0.000000000000000e+00
   0.000000000000000e+00
   0.000000000000000e+00
   0.000000000000000e+00
   5.012400000000000e-01
   0.000000000000000e+00
   0.000000000000000e+00
   0.000000000000000e+00
   0.000000000000000e+00
   5.012400000000000e-01
   0.000000000000000e+00
   0.000000000000000e+00
   0.000000000000000e+00
   0.000000000000000e+00
   5.012400000000000e-01
   0.000000000000000e+00
   0.000000000000000e+00
   0.000000000000000e+00
   0.000000000000000e+00
   1.048000000000000e-01
  -2.571600000000000e-02
   0.000000000000000e+00
   4.605310000000000e-01
   4.605310000000000e-01
   4.605310000000000e-01
   0.000000000000000e+00
   0.000000000000000e+00
   0.000000000000000e+00
   0.000000000000000e+00
   0.000000000000000e+00
   0.000000000000000e+00
   0.000000000000000e+00
   0.000000000000000e+00
   0.000000000000000e+00
   2.747400000000000e-01
  -6.395500000000000e-02
   0.000000000000000e+00
   0.000000000000000e+00
   0.000000000000000e+00
   0.000000000000000e+00
   0.000000000000000e+00
   0.000000000000000e+00
   0.000000000000000e+00
   0.000000000000000e+00
   0.000000000000000e+00
   0.000000000000000e+00
   0.000000000000000e+00
   0.000000000000000e+00
   0.000000000000000e+00
   0.000000000000000e+00
   0.000000000000000e+00
   0.000000000000000e+00
   0.000000000000000e+00
   0.000000000000000e+00
   0.000000000000000e+00
   0.000000000000000e+00
   0.000000000000000e+00
   0.000000000000000e+00
   0.000000000000000e+00
   0.000000000000000e+00
   0.000000000000000e+00
   0.000000000000000e+00
   0.000000000000000e+00
   0.000000000000000e+00
   0.000000000000000e+00
   0.000000000000000e+00
   0.000000000000000e+00
   0.000000000000000e+00
   0.000000000000000e+00
   2.830620000000000e-01
  -7.092400000000000e-02
   0.000000000000000e+00
   0.000000000000000e+00
   0.000000000000000e+00
   0.000000000000000e+00
   0.000000000000000e+00
   0.000000000000000e+00
   0.000000000000000e+00
   0.000000000000000e+00
   0.000000000000000e+00
   0.000000000000000e+00
   0.000000000000000e+00
   0.000000000000000e+00
   0.000000000000000e+00
   4.485640000000000e-01
  -1.499810000000000e-01
   0.000000000000000e+00
   0.000000000000000e+00
   0.000000000000000e+00
   0.000000000000000e+00
   0.000000000000000e+00
   0.000000000000000e+00
   0.000000000000000e+00
   0.000000000000000e+00
   0.000000000000000e+00
   0.000000000000000e+00
   0.000000000000000e+00
   0.000000000000000e+00
   0.000000000000000e+00
   0.000000000000000e+00
   0.000000000000000e+00
   0.000000000000000e+00
   0.000000000000000e+00
   0.000000000000000e+00
   0.000000000000000e+00
   0.000000000000000e+00
   0.000000000000000e+00
   0.000000000000000e+00
   0.000000000000000e+00
   0.000000000000000e+00
   0.000000000000000e+00
   0.000000000000000e+00
   0.000000000000000e+00
   0.000000000000000e+00
   0.000000000000000e+00
   0.000000000000000e+00
   0.000000000000000e+00
   0.000000000000000e+00
   0.000000000000000e+00
   4.487190000000000e-01
  -1.654110000000000e-01
   0.000000000000000e+00
   0.000000000000000e+00
   0.000000000000000e+00
   0.000000000000000e+00
   0.000000000000000e+00
   0.000000000000000e+00
   0.000000000000000e+00
   0.000000000000000e+00
   0.000000000000000e+00
   0.000000000000000e+00
   0.000000000000000e+00
   0.000000000000000e+00
   0.000000000000000e+00
   2.850740000000000e-01
  -1.272620000000000e-01
   0.000000000000000e+00
   0.000000000000000e+00
   0.000000000000000e+00
   0.000000000000000e+00
   0.000000000000000e+00
   0.000000000000000e+00
   0.000000000000000e+00
   0.000000000000000e+00
   0.000000000000000e+00
   0.000000000000000e+00
   0.000000000000000e+00
   0.000000000000000e+00
   0.000000000000000e+00
   0.000000000000000e+00
   0.000000000000000e+00
   0.000000000000000e+00
   0.000000000000000e+00
   0.000000000000000e+00
   0.000000000000000e+00
   0.000000000000000e+00
   0.000000000000000e+00
   0.000000000000000e+00
   0.000000000000000e+00
   0.000000000000000e+00
   0.000000000000000e+00
   0.000000000000000e+00
   0.000000000000000e+00
   0.000000000000000e+00
   0.000000000000000e+00
   0.000000000000000e+00
   0.000000000000000e+00
   0.000000000000000e+00
   0.000000000000000e+00
   2.709520000000000e-01
  -1.169550000000000e-01
   0.000000000000000e+00
   0.000000000000000e+00
   0.000000000000000e+00
   0.000000000000000e+00
   0.000000000000000e+00
   0.000000000000000e+00
   0.000000000000000e+00
   0.000000000000000e+00
   0.000000000000000e+00
   0.000000000000000e+00
   0.000000000000000e+00
   0.000000000000000e+00
   0.000000000000000e+00
   1.520400000000000e-02
   5.445290000000000e-01
   0.000000000000000e+00
   0.000000000000000e+00
   0.000000000000000e+00
   0.000000000000000e+00
   0.000000000000000e+00
   0.000000000000000e+00
   0.000000000000000e+00
   0.000000000000000e+00
   0.000000000000000e+00
   0.000000000000000e+00
   0.000000000000000e+00
   0.000000000000000e+00
   0.000000000000000e+00
   0.000000000000000e+00
   0.000000000000000e+00
   0.000000000000000e+00
   0.000000000000000e+00
   0.000000000000000e+00
   0.000000000000000e+00
   0.000000000000000e+00
   0.000000000000000e+00
   0.000000000000000e+00
   0.000000000000000e+00
   0.000000000000000e+00
   0.000000000000000e+00
   0.000000000000000e+00
   0.000000000000000e+00
   0.000000000000000e+00
   0.000000000000000e+00
   0.000000000000000e+00
   0.000000000000000e+00
   0.000000000000000e+00
   0.000000000000000e+00
   1.545800000000000e-02
   5.573680000000000e-01
   0.000000000000000e+00
   0.000000000000000e+00
   0.000000000000000e+00
   0.000000000000000e+00
   0.000000000000000e+00
   0.000000000000000e+00
   0.000000000000000e+00
   0.000000000000000e+00
   0.000000000000000e+00
   0.000000000000000e+00
   0.000000000000000e+00
   0.000000000000000e+00
   0.000000000000000e+00
  -3.191000000000000e-03
   5.804960000000000e-01
   0.000000000000000e+00
   0.000000000000000e+00
   0.000000000000000e+00
   0.000000000000000e+00
   0.000000000000000e+00
   0.000000000000000e+00
   0.000000000000000e+00
   0.000000000000000e+00
   0.000000000000000e+00
   0.000000000000000e+00
   0.000000000000000e+00
   0.000000000000000e+00
   0.000000000000000e+00
   0.000000000000000e+00
   0.000000000000000e+00
   0.000000000000000e+00
   0.000000000000000e+00
   0.000000000000000e+00
   0.000000000000000e+00
   0.000000000000000e+00
   0.000000000000000e+00
   0.000000000000000e+00
   0.000000000000000e+00
   0.000000000000000e+00
   0.000000000000000e+00
   0.000000000000000e+00
   0.000000000000000e+00
   0.000000000000000e+00
   0.000000000000000e+00
   0.000000000000000e+00
   0.000000000000000e+00
   0.000000000000000e+00
   0.000000000000000e+00
  -2.585000000000000e-03
   5.727590000000000e-01
   0.000000000000000e+00
   0.000000000000000e+00
   0.000000000000000e+00
   0.000000000000000e+00
   0.000000000000000e+00
   0.000000000000000e+00
   0.000000000000000e+00
   0.000000000000000e+00
   0.000000000000000e+00
   0.000000000000000e+00
   0.000000000000000e+00
   0.000000000000000e+00
   0.000000000000000e+00
