  -0.247705656588077E-01
  -0.149794994510196E+00
  -0.161466526234248E+00
   0.194234992181738E-17
  -0.731181174966843E-18
   0.296180784883500E-17
   0.489595113215649E-17
  -0.117027173850638E-17
   0.224375721210348E-17
  -0.518572034909891E-16
   0.265429521735202E-18
   0.563455664740767E-19
   0.285020214414533E-16
  -0.149113139096720E-17
   0.233551820495358E-16
  -0.107842559349921E+00
  -0.125674922793646E+00
   0.199601716340292E-01
   0.199601716340292E-01
   0.199601716340292E-01
  -0.107842559349921E+00
  -0.125674922793646E+00
   0.199601716340292E-01
  -0.199601716340292E-01
  -0.199601716340292E-01
  -0.107842559349921E+00
  -0.125674922793646E+00
  -0.199601716340292E-01
   0.199601716340292E-01
  -0.199601716340292E-01
  -0.107842559349921E+00
  -0.125674922793646E+00
  -0.199601716340292E-01
  -0.199601716340292E-01
   0.199601716340292E-01
   0.597368119778823E-15
  -0.205589370227839E-15
   0.329473115416059E-16
   0.200997775313550E+00
  -0.185073911492299E+00
   0.144086936223637E+00
   0.212270011502540E+00
  -0.195453115140235E+00
   0.152167533007990E+00
  -0.980696326948526E-16
   0.483899114511408E-02
  -0.621549074728654E-02
   0.428991546458107E-16
   0.675027507990256E-02
   0.551704780490419E-16
   0.621637897719042E-01
   0.519767768231630E-01
   0.507449518864863E-01
  -0.974027780603932E-01
   0.289064905108336E-01
   0.940104615374673E-01
   0.786046152640449E-01
   0.372282807553003E-01
  -0.311177982782782E-01
   0.951914702929484E-01
  -0.205965279709381E+00
  -0.172212978263647E+00
  -0.102886613578737E-01
   0.163991438348960E-01
  -0.321271227335265E-01
   0.497910284000095E-01
   0.416315861764390E-01
   0.982618939996602E-01
  -0.498858359472191E-01
   0.341578570485886E-01
   0.261193557469071E-16
  -0.534752279921590E-16
  -0.867935389354316E-17
   0.200358207216846E+00
   0.368256044087870E-01
  -0.232193813972613E+00
   0.211594575533002E+00
   0.388908357778938E-01
  -0.245215567614607E+00
  -0.234821254307466E-15
  -0.779795753322061E-02
   0.123674483140530E-02
   0.452140813761814E-15
   0.672879593378592E-02
  -0.217319559454348E-15
   0.193860142551386E-02
   0.162091555248986E-02
   0.760608841279148E-01
   0.133083314122270E-01
  -0.899227976937957E-01
   0.153738708718672E+00
   0.128544970978640E+00
   0.116324206745023E-01
   0.793823946392051E-01
  -0.238487344668170E-01
   0.266747063018266E-01
   0.223034223196619E-01
   0.882052197549774E-01
   0.280959555873045E-02
  -0.777784620667330E-01
  -0.182352016446012E+00
  -0.152469308850792E+00
  -0.511914952560111E-03
  -0.632644676682483E-01
  -0.117043988397548E-01
   0.623508541922861E-16
  -0.522497136340679E-16
  -0.197300418407692E-16
   0.121942554943813E+00
   0.244550660868536E+00
   0.144008649562819E+00
   0.128781263873160E+00
   0.258265403756530E+00
   0.152084855921806E+00
  -0.283234768965651E-17
   0.483636197922024E-02
   0.821294777645875E-02
   0.835199139199334E-17
   0.409529801279039E-02
  -0.551964370233682E-17
   0.198328679241929E+00
   0.165827816103475E+00
  -0.373834119746995E-01
   0.966513674461867E-02
  -0.289159642484884E-01
  -0.103579932936685E+00
  -0.866059015604214E-01
   0.907555487472143E-01
   0.498793121324855E-01
   0.112982111393784E-01
  -0.831405689709579E-02
  -0.695160126853697E-02
   0.432644239831202E-01
   0.973704368965797E-01
   0.517318717093313E-01
  -0.864346894081481E-01
  -0.722703132745172E-01
   0.101077127893945E-01
   0.571562615087128E-01
   0.919460470971982E-01
   0.808132094316457E-15
  -0.195352930719468E-15
   0.377145859352304E-16
   0.279475202454529E-15
  -0.263567429757863E-16
  -0.240182087677595E-15
   0.235440238269364E-15
   0.967455448675804E-16
  -0.240439114324831E-15
   0.100784529650842E+00
  -0.259223311898769E-15
   0.200612894208641E-15
  -0.494833516323485E+00
  -0.266035988047115E-15
   0.394048986672642E+00
  -0.928235830272765E-17
   0.227850353763889E-16
   0.426126817213613E-01
  -0.209220435013245E+00
   0.166607753291884E+00
   0.133413482443777E-15
   0.910035613094074E-16
   0.426126817213611E-01
   0.209220435013245E+00
  -0.166607753291884E+00
   0.169610695429401E-15
   0.129272621081612E-15
  -0.426126817213610E-01
  -0.209220435013245E+00
  -0.166607753291884E+00
  -0.225489257866708E-15
  -0.247046884815479E-15
  -0.426126817213609E-01
   0.209220435013245E+00
   0.166607753291884E+00
  -0.533417254095747E-15
   0.853948562751396E-16
  -0.419799758008885E-16
   0.609035585129237E-16
  -0.108249786827290E-16
   0.893995631685947E-16
  -0.239731602360440E-15
  -0.556825904253380E-16
   0.331058883093410E-16
   0.513196552382763E+00
   0.288418706105919E-15
   0.199077514335475E-15
  -0.169316313205286E+00
  -0.788506901203742E-15
  -0.343880239177477E+00
  -0.991943701883931E-16
  -0.168327256198020E-15
   0.216984505687016E+00
  -0.715885879494286E-01
  -0.145395917737588E+00
  -0.489895356351181E-16
   0.746722074448203E-16
   0.216984505687016E+00
   0.715885879494286E-01
   0.145395917737587E+00
   0.362721450240880E-16
  -0.349993316893597E-16
  -0.216984505687015E+00
  -0.715885879494285E-01
   0.145395917737587E+00
  -0.128986126117625E-15
  -0.591964068602821E-16
  -0.216984505687015E+00
   0.715885879494284E-01
  -0.145395917737587E+00
  -0.362373176047219E-16
  -0.847912563820004E-16
   0.560047783160772E-16
   0.157120694504281E-02
   0.867265291309525E-05
  -0.142900575251495E-02
  -0.835469709933528E-02
  -0.461157509307922E-04
   0.759855998163735E-02
  -0.678193673758437E-15
   0.416368566764553E+00
  -0.252694578534591E-02
   0.216274565897344E-15
  -0.457801644707524E+00
   0.461919107861093E-15
  -0.861272954386920E-02
  -0.356779538071273E-02
   0.206221020795846E+00
  -0.424741074461718E-02
  -0.197898148891140E+00
  -0.170773968469424E+00
  -0.707425645665264E-01
   0.104255815851946E+00
   0.108548973572180E+00
  -0.851017645743424E-01
   0.762256171522056E-02
   0.315762155751416E-02
   0.206843627444919E+00
   0.596116197920719E-02
  -0.197275542242067E+00
   0.171764136298073E+00
   0.711527383897250E-01
   0.103633209202873E+00
  -0.106835222337591E+00
  -0.844791579252689E-01
   0.345931453260796E-17
   0.597813786585558E-16
  -0.728459295684320E-19
   0.519821959906762E-03
   0.197486599160138E-02
   0.583535230295389E-03
  -0.276408848262109E-02
  -0.105011037684524E-01
  -0.310287585686292E-02
   0.337788217609385E-18
  -0.170024317303855E+00
  -0.575415544008687E+00
  -0.976372459000718E-16
  -0.151460219133706E+00
   0.972994576824624E-16
  -0.175722330554206E+00
  -0.727924075690561E-01
  -0.404738949668155E-01
   0.155515938162297E+00
  -0.318919187795063E-01
   0.116373595343516E+00
   0.482073857989752E-01
   0.143192813210670E+00
   0.192833770641965E+00
   0.542591370016148E-02
  -0.497506349070400E-01
  -0.206090397364462E-01
   0.101301027850093E+00
   0.234725556002542E+00
   0.109883004037402E+00
   0.109099370117730E+00
   0.451940615065271E-01
   0.141789039376159E-02
   0.197407723522875E+00
   0.147200836517070E+00
  -0.876300580047754E-16
   0.252301965153258E-16
  -0.447215969241616E-16
  -0.133113402241405E-02
   0.781442909039970E-03
  -0.145885335591465E-02
   0.707813925528910E-02
  -0.415522527191672E-02
   0.775727089259009E-02
   0.390647812578277E-15
   0.425065245435657E+00
  -0.227688561415962E+00
  -0.535869983039885E-15
   0.387851738251281E+00
   0.145222170461608E-15
   0.114659040075959E+00
   0.474971368201338E-01
  -0.107203202095804E+00
   0.177354234826593E+00
  -0.124406592725148E+00
   0.373182266026333E-01
   0.154589547728273E-01
  -0.155834255660681E+00
   0.817925997134672E-01
  -0.219968227838274E+00
  -0.203877372251022E+00
  -0.844555426063312E-01
  -0.511036953008444E-01
  -0.229379606463702E-01
  -0.683070859301881E-01
   0.519001055724303E-01
   0.214994510133702E-01
  -0.211933762455641E+00
   0.726236744667561E-01
  -0.163868721043314E+00
  -0.290562739909766E+00
  -0.159566636394747E+00
  -0.629066298057529E-01
  -0.476365347059453E-16
   0.642088198469964E-17
   0.801705110056230E-16
  -0.241828034663361E-16
   0.430091356810878E-16
  -0.389281940226725E-16
   0.682575201785963E-16
  -0.183046408550659E-15
   0.914139095467560E-16
  -0.476836686323543E-16
  -0.106130668023762E-15
  -0.205738515462420E-16
   0.912429683164366E-01
   0.106070269180663E+00
   0.214694173497774E+00
   0.214694173497774E+00
   0.214694173497774E+00
   0.912429683164367E-01
   0.106070269180664E+00
   0.214694173497774E+00
  -0.214694173497774E+00
  -0.214694173497774E+00
   0.912429683164366E-01
   0.106070269180664E+00
  -0.214694173497774E+00
   0.214694173497774E+00
  -0.214694173497774E+00
   0.912429683164365E-01
   0.106070269180664E+00
  -0.214694173497774E+00
  -0.214694173497774E+00
   0.214694173497774E+00
  -0.373193472938536E-17
   0.111943745509233E-15
   0.109846899906018E-15
   0.114342366572719E+00
  -0.759944520655083E-01
   0.182295818962659E+00
  -0.561325125373861E-01
   0.373069026048712E-01
  -0.894919586689396E-01
  -0.109586868672790E-15
   0.110552572984007E+00
  -0.460865326267994E-01
   0.291810721683405E-16
   0.693424725680845E-01
   0.804057965044495E-16
  -0.100812395362886E+00
  -0.110482191723306E+00
  -0.218747633798701E+00
  -0.290859659810010E+00
  -0.193002425061032E+00
  -0.367394272050295E-02
  -0.402634261953563E-02
   0.337697220197832E-01
  -0.192410258473293E-01
   0.786162089016362E-01
   0.170256314086823E+00
   0.186587082544106E+00
  -0.399271352849474E+00
   0.413800049021917E+00
  -0.373526144111826E+00
  -0.657699760034345E-01
  -0.720785482012644E-01
   0.214293441070556E+00
   0.142181415059237E+00
  -0.101907510149157E+00
   0.556458350869543E-16
  -0.330516410138945E-16
   0.130634881176270E-15
  -0.106723563844392E+00
   0.153466366284951E+00
   0.130916975557407E+00
   0.523923193571467E-01
  -0.753391152183166E-01
  -0.642692555008401E-01
   0.153428729520599E-15
   0.793940781391171E-01
   0.930690662893523E-01
  -0.122225385173063E-15
  -0.647220800134603E-01
  -0.312033443475354E-16
  -0.811729728189138E-01
  -0.889589808222293E-01
  -0.251447974093013E+00
  -0.152871024327807E+00
  -0.161414207209174E+00
   0.178697230078513E+00
   0.195837640429943E+00
   0.424100531227069E+00
  -0.406391302873084E+00
  -0.414934485754452E+00
  -0.590649732085594E-01
  -0.647304100916388E-01
   0.113109153933749E+00
  -0.953999255797649E-01
   0.203142920817588E+00
  -0.384592840510402E-01
  -0.421482495160747E-01
   0.595434032003079E-01
   0.158120352965513E+00
  -0.503773577276892E-01
  -0.514278657058140E-15
   0.278097740445822E-15
  -0.287244747871689E-15
   0.166183643227471E+00
   0.150844346344203E+00
  -0.413531020491599E-01
  -0.815822316485106E-01
  -0.740519233260297E-01
   0.203009049822141E-01
   0.108358799860287E-15
  -0.250784239508055E-01
   0.914789527447051E-01
  -0.759430559637473E-16
   0.100781408214395E+00
  -0.324157438965398E-16
  -0.125956197873772E+00
  -0.138037755695982E+00
  -0.264469624493295E+00
  -0.270281152624086E+00
  -0.343098106784668E+00
  -0.259028273559685E-01
  -0.283873935126374E-01
  -0.437476116562988E-02
   0.124485682393964E+00
   0.516687282333824E-01
  -0.118857398306086E-01
  -0.130258048329450E-01
   0.938589331804495E-01
   0.262519880478839E-01
   0.152304508890757E-01
   0.163744765060349E+00
   0.179450954041564E+00
  -0.362703318839374E+00
  -0.368514846970166E+00
   0.409997285907126E+00
  -0.937947449988899E+00
   0.264328411674121E+00
  -0.194401550820058E-02
   0.302010527432488E-15
  -0.353471146188145E-15
   0.280080237287465E-15
   0.493664580739291E-15
  -0.290161315536206E-15
   0.379122673498873E-15
  -0.357012627077321E-15
   0.533140445023304E-16
  -0.707165991472410E-16
  -0.593965234292566E-15
  -0.103086758882771E-15
   0.950977861369887E-15
  -0.311889150187836E-01
  -0.423556762580415E-01
  -0.780657298571003E-01
  -0.780657298571010E-01
  -0.780657298571005E-01
  -0.311889150187838E-01
  -0.423556762580416E-01
  -0.780657298571012E-01
   0.780657298571004E-01
   0.780657298571003E-01
  -0.311889150187841E-01
  -0.423556762580422E-01
   0.780657298571007E-01
  -0.780657298571010E-01
   0.780657298571005E-01
  -0.311889150187839E-01
  -0.423556762580420E-01
   0.780657298571015E-01
   0.780657298571015E-01
  -0.780657298571000E-01
   0.463393709773065E-18
  -0.606956043586592E-16
   0.747809320985160E-16
   0.925614659431430E-16
   0.374818623889729E-16
  -0.104698640780131E-15
   0.306355356684661E-16
  -0.110804944111427E-15
  -0.105237381193632E-15
  -0.301430240214421E-16
  -0.186081565715529E-15
  -0.488053262693439E-15
  -0.302374454171091E-16
   0.287510320466827E-15
   0.603804694385512E-16
   0.504292577920675E-16
   0.262468156340878E-15
  -0.219710595087930E+00
   0.441852188829803E+00
  -0.222141593741872E+00
   0.542191383582157E-16
  -0.253032177796352E-15
   0.219710595087929E+00
   0.227286977932671E+00
  -0.757638284474070E-02
   0.131892236415998E-15
  -0.114868248508152E-15
  -0.449428571674543E+00
  -0.441852188829803E+00
   0.757638284474136E-02
  -0.114997284637728E-15
  -0.155833489827778E-16
   0.449428571674544E+00
  -0.227286977932671E+00
   0.222141593741873E+00
   0.243938640637826E-16
  -0.352423836155480E-16
  -0.553387647309140E-16
  -0.123247984562194E-15
   0.238816052224636E-15
  -0.274755070524635E-15
  -0.140280616432899E-15
   0.968579480673044E-16
   0.180202506928075E-16
  -0.315715206243151E-17
  -0.710151124916537E-16
  -0.124278452259813E-15
  -0.292660405896800E-15
   0.186635479596503E-16
   0.295817557959231E-15
   0.155560958426331E-15
   0.786427917028741E-16
  -0.181412858432853E+00
   0.278251474632704E+00
  -0.968386161998506E-01
   0.222807224436045E-15
  -0.104139808175402E-15
   0.181412858432853E+00
  -0.330946211238505E+00
   0.512359069671357E+00
  -0.427665492100528E-15
   0.231599176884279E-16
   0.234107595038654E+00
  -0.278251474632704E+00
  -0.512359069671357E+00
   0.566714450191917E-16
   0.408446628034442E-16
  -0.234107595038653E+00
   0.330946211238505E+00
   0.968386161998509E-01
  -0.984170975765683E-15
   0.173325786391534E-15
   0.665851885044583E-16
  -0.230879867295792E-14
   0.152076152653718E-14
  -0.393816727641472E-14
   0.108349888760401E-14
  -0.857514601863030E-15
   0.185289569606200E-14
   0.127652008396153E-15
  -0.225720588124080E-14
   0.702183788311168E-15
  -0.115970159813850E-15
  -0.172095448830735E-14
  -0.116818485823026E-16
   0.201454363432725E-14
   0.242316003830283E-14
  -0.438285900635993E+00
  -0.249130806207526E-01
   0.463198981256760E+00
   0.357692864080569E-15
   0.278483497963426E-15
   0.438285900635997E+00
   0.334803130845712E+00
   0.103482769790284E+00
  -0.372425263388077E-14
  -0.401864954003429E-14
   0.128395850411053E+00
   0.249130806207502E-01
  -0.103482769790278E+00
   0.121559588555882E-14
   0.121359417084424E-14
  -0.128395850411049E+00
  -0.334803130845714E+00
  -0.463198981256754E+00
  -0.686397401776557E-16
   0.357583057831688E-15
   0.292735323600607E-15
  -0.469227054623670E+00
   0.853526712225541E-01
   0.143420304371588E+00
  -0.179334304224799E+00
   0.326210131248742E-01
   0.548139333457999E-01
  -0.137587604079448E-14
  -0.251774485862243E+00
  -0.149836698563615E+00
  -0.480900936818357E-15
   0.823728557460322E+00
   0.185677697761284E-14
   0.219429074275756E-01
  -0.316546423290435E-01
   0.579134661531258E+00
  -0.198821358241699E+00
  -0.280277752438817E+00
   0.636967778185778E-01
  -0.918884029390641E-01
   0.428639082631112E+00
   0.109854074412890E+00
   0.283976802157739E-01
  -0.375208154496970E-01
   0.541271933482069E-01
   0.522986422723977E+00
   0.155067343200249E-01
  -0.336425991246096E+00
  -0.481188697964582E-01
   0.694158519199017E-01
   0.484787321438392E+00
  -0.293168698334565E+00
  -0.277505585915086E-01
   0.587685475746515E-16
   0.326593165451964E-15
   0.300479328084157E-15
   0.160545269196387E+00
   0.113895205056820E+00
   0.457473048151903E+00
   0.613589388425355E-01
   0.435297094490588E-01
   0.174842030065206E+00
   0.110481088782338E-14
  -0.803094387499402E+00
  -0.199943144877582E+00
   0.639956116133622E-15
  -0.281837378512375E+00
  -0.174476700395700E-14
  -0.667915916916271E-01
   0.963529537990474E-01
   0.155298331320539E-01
   0.809698348645254E-01
  -0.400995947221319E+00
   0.374901134706734E-01
  -0.540829029474034E-01
  -0.360337971220681E+00
  -0.246429594991483E-01
  -0.506608741584995E+00
   0.460043216141690E-01
  -0.663654235927171E-01
  -0.593947718151034E-01
  -0.325586158904725E+00
  -0.475920552168479E+00
  -0.167028433932151E-01
   0.240953727410722E-01
  -0.285413366273522E+00
  -0.219973364541051E+00
  -0.581533346532151E+00
  -0.198675588001033E-16
   0.253667049865911E-16
   0.229620618964902E-15
  -0.456034947073623E-01
  -0.477253910158846E+00
   0.134824024158293E+00
  -0.174292400938453E-01
  -0.182402095261846E+00
   0.515285133859279E-01
  -0.459812168109239E-15
  -0.236683707464349E+00
   0.837819710273830E+00
   0.821749427243165E-15
   0.800569799637254E-01
  -0.361937259133926E-15
   0.354104225889949E-01
  -0.510827594508413E-01
  -0.636596803384124E-01
   0.541852969128860E+00
  -0.316760664547770E+00
  -0.270872261867858E-01
   0.390757906379832E-01
   0.161603744209552E+00
   0.571852685301760E+00
  -0.286760948374870E+00
   0.516942621169632E-01
  -0.745736809571492E-01
   0.250296123685990E+00
   0.483160305825321E+00
  -0.280486052336873E-02
  -0.600174585191724E-01
   0.865806497700071E-01
  -0.152352059814851E+00
   0.453160589652422E+00
   0.271948556495325E-01
   0.793655988470683E-16
   0.670291871978726E-15
  -0.283671485846852E-15
  -0.186553015097394E-15
   0.159221463017695E-14
   0.135098349750186E-14
   0.187180685886728E-14
  -0.103099780798856E-14
  -0.687422404433497E-15
  -0.127602924630900E+01
   0.588255404953098E-16
  -0.576018972939227E-15
   0.995104338516209E+00
  -0.704368533642013E-15
   0.280924907792793E+00
  -0.899836493609103E-15
  -0.365669716829367E-15
   0.502995830563998E+00
  -0.392258511862188E+00
  -0.110737318701810E+00
  -0.101017958324789E-14
   0.972653771648078E-15
   0.502995830563998E+00
   0.392258511862189E+00
   0.110737318701810E+00
   0.102704395068584E-14
  -0.573328187922006E-16
  -0.502995830563999E+00
  -0.392258511862189E+00
   0.110737318701810E+00
   0.134253271934684E-15
   0.209367927282008E-15
  -0.502995830564000E+00
   0.392258511862188E+00
  -0.110737318701810E+00
   0.849516979969454E-16
   0.252997068294420E-15
  -0.578256601114436E-15
   0.281015526253099E-15
  -0.107166578271233E-14
   0.981463299187073E-15
   0.232448678204346E-14
   0.108949935103338E-14
  -0.308791118623511E-15
  -0.412331686577858E+00
  -0.110900673318376E-14
   0.541617702972668E-15
  -0.898907899986578E+00
  -0.158113066299842E-14
   0.131123958656444E+01
  -0.117942659771591E-15
  -0.532295917576748E-15
   0.162536336653728E+00
   0.354338998939212E+00
  -0.516875335592941E+00
  -0.943363264423398E-16
  -0.114749001432055E-15
   0.162536336653728E+00
  -0.354338998939212E+00
   0.516875335592940E+00
   0.895672170630406E-15
  -0.724780399818795E-16
  -0.162536336653731E+00
   0.354338998939211E+00
   0.516875335592941E+00
   0.860622610903552E-15
  -0.138334918672299E-15
  -0.162536336653731E+00
  -0.354338998939212E+00
  -0.516875335592943E+00
  -0.251491914286847E-15
  -0.262773041961858E-14
  -0.538691637256556E-14
  -0.167107263917095E+01
   0.541593075864816E+00
  -0.319278418632413E+00
   0.110541979916829E+01
  -0.358265520672066E+00
   0.211203676686681E+00
   0.184731536306335E-14
  -0.336977576725793E-01
   0.571616218403146E-01
  -0.701797316651691E-15
  -0.176370833610564E+00
  -0.114551804641166E-14
  -0.198328895235049E+00
   0.526528236580240E+00
  -0.238100815279853E+00
  -0.194279197600985E+00
  -0.211328669306603E+00
  -0.259196784714365E+00
   0.688121747570791E+00
  -0.301017747208188E+00
   0.278648520233251E+00
   0.261599048527633E+00
   0.346612539214681E+00
  -0.920195157811055E+00
  -0.391376245299843E+00
   0.369007018324907E+00
  -0.364604099326595E+00
   0.110913140734724E+00
  -0.294454826339961E+00
  -0.147742317188194E+00
  -0.103920699509328E+00
   0.108323618507640E+00
  -0.249988693342375E-14
  -0.127585292935434E-13
  -0.474987430373313E-14
  -0.382884228919656E+00
  -0.159586891971317E+01
  -0.703098565034123E+00
   0.253279119959174E+00
   0.105567230255379E+01
   0.465101908999672E+00
  -0.181020433325386E-14
  -0.742074743602892E-01
  -0.168433570812721E+00
   0.248307465573166E-14
  -0.404109366929748E-01
  -0.672870322477800E-15
  -0.367134258576485E+00
   0.974676703197374E+00
  -0.387076363620246E+00
  -0.411099401085448E+00
  -0.393418175723695E+00
   0.262303766429069E+00
  -0.696370236029268E+00
   0.263550916397964E+00
  -0.302739919676227E+00
  -0.285058694314476E+00
  -0.698012734205833E-01
   0.185310069728556E+00
   0.645680643185503E-01
  -0.103757067596817E+00
   0.582262522151025E-01
   0.174631765567987E+00
  -0.463616536896632E+00
  -0.188093511540827E+00
  -0.212116549006026E+00
   0.166585733624314E+00
   0.384083991491452E-15
   0.305162648377331E-14
   0.556225093116236E-14
  -0.498659639106399E+00
  -0.589597205797084E+00
   0.160980099175565E+01
   0.329864917414843E+00
   0.390020403389370E+00
  -0.106488841196651E+01
   0.156441427478414E-14
   0.169904010279238E+00
  -0.622281451107248E-01
   0.492675975032423E-16
  -0.526302772097128E-01
  -0.161368187228738E-14
   0.713972076433877E-01
  -0.189546993607141E+00
   0.639248035678984E-01
   0.621237943810677E-01
   0.105682650236159E+00
  -0.207926036550965E+00
   0.552006954077710E+00
  -0.224801513235778E+00
   0.203248697973307E+00
   0.246807553828397E+00
  -0.232823979978318E+00
   0.618106602501345E+00
   0.230785809153743E+00
  -0.252338624416214E+00
   0.272543655822001E+00
   0.369352808885890E+00
  -0.980566562971919E+00
  -0.391662518821624E+00
  -0.393463528008456E+00
   0.413668559414244E+00
   0.294409070535724E+00
   0.147919459894840E+01
   0.651270081895463E+00
  -0.734322485020275E-14
  -0.119223841660407E-13
  -0.746374527039440E-14
   0.594088410841781E-14
   0.688954893198475E-14
   0.859741972035144E-14
   0.311606190193168E-15
   0.159939683700559E-14
  -0.209501182064539E-14
   0.471685901344208E-15
   0.101099074294635E-14
  -0.783292091537376E-15
   0.469954089544423E+00
  -0.957292675969595E+00
   0.231796680840577E+00
   0.231796680840576E+00
   0.231796680840577E+00
   0.469954089544431E+00
  -0.957292675969609E+00
   0.231796680840582E+00
  -0.231796680840582E+00
  -0.231796680840582E+00
   0.469954089544439E+00
  -0.957292675969611E+00
  -0.231796680840580E+00
   0.231796680840580E+00
  -0.231796680840580E+00
   0.469954089544430E+00
  -0.957292675969609E+00
  -0.231796680840582E+00
  -0.231796680840582E+00
   0.231796680840582E+00
  -0.332103133600479E-14
  -0.178500851979789E-13
  -0.258772493192893E-14
   0.124196749065144E+00
  -0.982861514933048E-01
  -0.291010885742175E+00
   0.102051253802511E+01
  -0.807607692376699E+00
  -0.239120798118467E+01
   0.231976180095448E-14
  -0.794556631257744E+00
  -0.268353925079639E+00
  -0.631447993642648E-15
   0.339098485263447E+00
  -0.168831380731183E-14
   0.809528206891618E+00
   0.819734972887979E+00
  -0.341229420042416E+00
  -0.196199795325226E+00
  -0.705685858629357E-01
  -0.156803942742897E+01
  -0.158780972248783E+01
   0.423176596376777E+00
  -0.440066902250189E+00
  -0.314435692787900E+00
  -0.209261699979862E+00
  -0.211900132075961E+00
  -0.148239188044501E+00
   0.131348882171089E+00
   0.122421646134978E+00
   0.967772920517270E+00
   0.979974881675789E+00
   0.230186364378871E+00
   0.375215989096062E+00
  -0.121445460789994E+00
   0.812589721350547E-16
   0.285735515482386E-14
   0.188557559447597E-13
   0.373578860553818E-01
  -0.306735689631634E+00
   0.119540540110185E+00
   0.306966095333536E+00
  -0.252041715652922E+01
   0.982252924517275E+00
   0.642500679063063E-15
   0.326385484193994E+00
  -0.837490582589954E+00
  -0.782217890204624E-15
   0.101999469948952E+00
   0.139717211141561E-15
   0.457553222806280E+00
   0.463322186304110E+00
  -0.171459263582623E+00
   0.528445459426399E-01
  -0.225031558109147E+00
  -0.685710368318273E+00
  -0.694356003159745E+00
   0.196108646912733E+00
  -0.205097057727867E-01
  -0.298385809824570E+00
   0.141578455838527E+01
   0.143363517997650E+01
   0.430833032988534E+00
  -0.255234091848584E+00
   0.377260738462010E+00
  -0.118762741287332E+01
  -0.120260136312085E+01
  -0.406183649658430E+00
  -0.181879840133167E+00
   0.303906486746593E+00
  -0.181470937738613E-14
  -0.104616168225036E-13
  -0.762869564380587E-15
  -0.304880126517414E+00
  -0.776233521886067E-01
  -0.103899274895802E+00
  -0.250517017593280E+01
  -0.637823491744408E+00
  -0.853730178293939E+00
  -0.441413205942028E-14
  -0.283679621264998E+00
  -0.211937601800078E+00
   0.239744306009313E-16
  -0.832424277343852E+00
   0.439015762881934E-14
   0.148531241390955E+01
   0.150403966283199E+01
  -0.278797407816006E+00
  -0.426938971111988E+00
  -0.409810521241204E+00
   0.376692820712706E+00
   0.381442272851359E+00
   0.776321947437624E-01
   0.171709825836332E+00
   0.188838275707121E+00
  -0.101124055571693E+01
  -0.102399056940434E+01
  -0.126379711937923E+00
   0.375721732518016E+00
  -0.257392825363114E+00
  -0.850764678905289E+00
  -0.861491366279027E+00
  -0.747855011343197E-01
  -0.222927064430300E+00
   0.341255971585200E+00
   0.393162182378419E+00
   0.222901416602104E+01
   0.114218003184059E+01
  -0.168562815272071E-13
   0.546648361253818E-14
  -0.134927927725605E-13
   0.383431431656948E-14
   0.337167365198639E-14
  -0.262024399368036E-13
   0.675359572687939E-15
  -0.126761806734132E-13
   0.550883651232776E-14
  -0.148513074352369E-14
  -0.153948924319819E-13
   0.809771170835755E-15
  -0.164930363564847E+01
   0.534421562106953E+00
   0.355920911855075E+00
   0.355920911855077E+00
   0.355920911855079E+00
  -0.164930363564848E+01
   0.534421562106927E+00
   0.355920911855082E+00
  -0.355920911855084E+00
  -0.355920911855081E+00
  -0.164930363564854E+01
   0.534421562106961E+00
  -0.355920911855093E+00
   0.355920911855093E+00
  -0.355920911855089E+00
  -0.164930363564849E+01
   0.534421562106977E+00
  -0.355920911855081E+00
  -0.355920911855080E+00
   0.355920911855082E+00
  -0.346562329583521E-14
  -0.190501266631401E-13
  -0.180351733866611E-13
  -0.131384469289923E+01
   0.665738527713927E+00
  -0.105756712604153E+01
   0.803426576488647E+00
  -0.407104453858636E+00
   0.646710787107893E+00
  -0.168428778077539E-14
  -0.646316429872254E+00
   0.406856205970566E+00
   0.180195576171996E-14
  -0.802936655661375E+00
  -0.117667980944570E-15
   0.160008542200211E+01
  -0.141724413230622E+01
  -0.286983800443999E+00
  -0.159935834650459E+00
  -0.270536124383322E+00
   0.864939680631421E+00
  -0.766103278186229E+00
  -0.193872286718639E+00
   0.152277384798054E+00
   0.416770950651890E-01
  -0.284913882342334E+01
   0.252356856958940E+01
  -0.445185428210062E+00
   0.403590526289472E+00
  -0.428737752149383E+00
   0.384113720789914E+00
  -0.340221159096999E+00
  -0.356706589525628E-01
   0.913773068409772E-01
  -0.116524532700887E+00
  -0.143979844552390E-14
  -0.336229176711246E-14
   0.225716058654580E-13
   0.782452163309476E+00
   0.163473635812009E+01
   0.570047541750759E-01
  -0.478475778934462E+00
  -0.999654405702803E+00
  -0.348588647790063E-01
   0.102490483625453E-15
   0.348376082207645E-01
   0.999044827269914E+00
  -0.113557472588770E-14
   0.478184009585145E+00
   0.103308424226224E-14
  -0.232103100392866E+01
   0.205580747501770E+01
   0.344192441341080E+00
   0.398891315377371E+00
   0.297633844227803E+00
   0.853000395294407E+00
  -0.755528291466625E+00
  -0.578215425016745E-01
   0.212954643949160E+00
   0.111697172799595E+00
  -0.746048522846706E+00
   0.660797777969462E+00
  -0.442753159795676E-01
   0.199408417427054E+00
  -0.908339130928423E-01
   0.221407913148093E+01
  -0.196107696152054E+01
   0.330646214818968E+00
   0.385345088855259E+00
  -0.276770584521048E+00
   0.824500966842980E-14
   0.371178818624256E-13
  -0.320884669797901E-13
   0.974384228884499E+00
  -0.415057999059789E+00
  -0.147178331365172E+01
  -0.595843777752537E+00
   0.253811298269207E+00
   0.900007310918202E+00
  -0.733533865388915E-15
  -0.899458496204732E+00
  -0.253656526887629E+00
   0.539771064457022E-15
   0.595480438668344E+00
   0.193762800931894E-15
   0.855972410158281E+00
  -0.758160695067796E+00
  -0.458799330648683E-01
  -0.135053152361651E+00
  -0.202872883415880E+00
  -0.268410445406852E+01
   0.237739262899228E+01
   0.402496350687618E+00
  -0.366599269436250E+00
  -0.434419000490478E+00
  -0.772438494229573E-01
   0.684172175098628E-01
   0.527516592722308E-01
  -0.168545780208654E-01
  -0.104241291078778E+00
   0.190537589333316E+01
  -0.168764915143432E+01
   0.303864758350508E+00
   0.214691539053724E+00
  -0.335787408153367E+00
  -0.104435097984682E+01
  -0.439466869163698E+01
   0.767086317038253E+01
   0.278008680184834E-14
  -0.100445951583421E-13
  -0.351716500438859E-13
  -0.594247033882727E-15
   0.310151990820452E-13
   0.229582660255843E-13
  -0.301020720490892E-14
  -0.155691295408794E-13
  -0.211203718329740E-14
  -0.149457930749595E-15
   0.345497626134948E-14
   0.315966513565852E-14
  -0.463128941658343E+00
  -0.714694541997899E+00
  -0.193622031266367E-01
  -0.193622031266415E-01
  -0.193622031266408E-01
  -0.463128941658405E+00
  -0.714694541997809E+00
  -0.193622031266326E-01
   0.193622031266298E-01
   0.193622031266335E-01
  -0.463128941658375E+00
  -0.714694541997875E+00
   0.193622031266293E-01
  -0.193622031266317E-01
   0.193622031266292E-01
  -0.463128941658346E+00
  -0.714694541997861E+00
   0.193622031266387E-01
   0.193622031266379E-01
  -0.193622031266439E-01
