  -0.418439036869845E-01
  -0.216942736881989E+00
  -0.225075179501884E+00
  -0.161338968481649E-19
   0.141399067120936E-21
  -0.262602299830355E-02
   0.364347497466388E-20
   0.239811736251952E-21
  -0.141227244012903E-01
   0.209020760874066E-01
  -0.707377219065277E-41
  -0.894896617110787E-23
   0.209020760874067E-01
  -0.226211419887053E-22
  -0.418041521748132E-01
  -0.166810080598906E+00
  -0.181845315507302E+00
   0.122974086771294E-20
   0.780675086438938E-22
   0.558360617994049E-01
  -0.193279333565333E-01
  -0.124616983502932E+00
  -0.137951825561666E+00
   0.155549150530040E-20
   0.136280121658910E-21
  -0.111444263332395E+00
   0.216769730604309E-20
   0.160081237680209E-21
  -0.138671847459043E+00
   0.114351714853167E-01
  -0.138812752254654E-41
   0.116077047117878E-20
   0.114351714853168E-01
   0.484542661157952E-22
  -0.228703429706335E-01
   0.884739229416053E-03
  -0.102539936842209E-01
  -0.125246782432263E-01
  -0.161113850248518E-16
   0.700795181488674E-18
   0.267637939903960E+00
   0.142014501175913E-17
   0.886736754482701E-18
   0.294027205843321E+00
   0.138929628933574E-01
  -0.255570416683946E-35
   0.431024774876894E-18
   0.138929628933574E-01
  -0.201160917939049E-18
  -0.277859257867149E-01
   0.161011514490684E+00
   0.136198561061704E+00
   0.495675098093610E-18
   0.257166815837229E-18
  -0.219478690845186E-01
  -0.467999991847760E-01
  -0.218870738462266E+00
  -0.220416649347421E+00
  -0.638445068307013E-19
   0.661219762322424E-18
   0.104535076152326E-01
   0.237419939905252E-18
   0.758303705582596E-18
   0.428597222311172E-01
   0.131388661844438E-02
  -0.544061021401252E-36
   0.517274290637130E-18
   0.131388661844439E-02
   0.216520703476111E-18
  -0.262777323688877E-02
   0.159959996371457E-15
  -0.658553073281095E-16
   0.388588889017332E-16
  -0.256210827118670E+00
   0.978037927786113E-01
  -0.330041662620092E-16
  -0.271485856173575E+00
   0.103634755479033E+00
   0.134765420359919E-15
  -0.163726520043516E-16
  -0.233594220850891E-17
   0.992204061491622E-01
   0.996415066900460E-16
  -0.378755736108200E-01
  -0.832688546856944E-16
   0.594558245397126E-17
  -0.207655494705072E-16
  -0.650020147225552E-01
   0.248133291227870E-01
   0.119969782572263E-15
  -0.708215900115805E-16
   0.113617209601415E-15
   0.765162871410550E-17
  -0.247390277889334E+00
   0.944367095888757E-01
   0.872301794306881E-16
  -0.278491107826241E+00
   0.106308882051686E+00
  -0.940597206291594E-16
  -0.146390795772706E-15
  -0.524097566381576E-18
  -0.775842769341202E-01
  -0.147809416298314E-15
   0.296163773774810E-01
   0.294200212071020E-15
  -0.339459212337504E-16
   0.623357656423446E-16
   0.458406500840717E-16
  -0.978037927786113E-01
  -0.256210827118670E+00
  -0.249833775067064E-16
  -0.103634755479033E+00
  -0.271485856173575E+00
   0.135308429213636E-15
   0.138048145490451E-15
  -0.821768200102573E-16
   0.378755736108203E-01
  -0.100097581640203E-15
   0.992204061491624E-01
  -0.379505638502479E-16
  -0.926213836701943E-16
  -0.573277157199993E-17
  -0.248133291227870E-01
  -0.650020147225550E-01
   0.838634854318957E-16
  -0.726396670438429E-16
   0.361006787491968E-17
   0.805791968035028E-16
  -0.944367095888759E-01
  -0.247390277889335E+00
   0.418433010531322E-16
  -0.106308882051686E+00
  -0.278491107826241E+00
  -0.252823959366290E-16
   0.963142577454714E-16
  -0.358953578372997E-17
  -0.296163773774810E-01
  -0.364887347850493E-17
  -0.775842769341205E-01
  -0.926653842669664E-16
   0.880956664609267E-01
   0.425785517958376E-01
  -0.439703457064807E-02
   0.289866606939556E-16
  -0.586636243024928E-17
  -0.156704339466521E+00
   0.574096352961902E-17
  -0.669139934859647E-17
  -0.616004766237955E-01
   0.101596770813432E+00
  -0.158550834069539E-30
   0.300606520177482E-16
   0.101596770813432E+00
  -0.192065181016785E-16
  -0.203193541626863E+00
  -0.203253522130306E+00
  -0.147422732515526E+00
   0.255548448167796E-16
  -0.167935001027424E-16
  -0.490393640063261E-01
  -0.595834745824770E-01
  -0.185548970030384E+00
  -0.184967586663233E+00
  -0.122616215501424E-16
   0.699879598210352E-17
   0.423134590433786E+00
  -0.935820956017735E-17
   0.481139978666911E-17
   0.417764796219302E+00
  -0.113566124970414E-01
  -0.560272010321411E-31
  -0.112616736243983E-16
  -0.113566124970415E-01
   0.638724491553479E-17
   0.227132249940828E-01
   0.664083719087499E-16
  -0.441868095710492E-16
   0.658659665324142E-16
   0.151727723541504E+00
  -0.103424772769936E+00
  -0.652476871948674E-16
   0.150390048387881E+00
  -0.102512950292314E+00
  -0.492681631434980E-17
   0.294572781703859E-16
  -0.129164889044619E-15
   0.408684781668332E+00
   0.897180231514700E-16
  -0.278578823249898E+00
  -0.119175301321856E-15
   0.114335235949495E-15
  -0.290072749822414E-16
   0.369369003220045E+00
  -0.251779334287849E+00
  -0.169633551489446E-16
   0.576594869227240E-16
   0.981396099531610E-16
  -0.871353985737908E-16
  -0.125060898379071E+00
   0.852474069692436E-01
  -0.161230398867528E-15
  -0.761636454143427E-01
   0.519167330560628E-01
   0.147640623308739E-16
   0.227886178480663E-16
  -0.429940243408716E-16
  -0.141951024071027E+00
   0.978963214982140E-16
   0.967605132821339E-01
  -0.120684939346280E-15
   0.101017187285176E-15
   0.325440508812361E-16
   0.582695329776590E-16
  -0.103424772769936E+00
  -0.151727723541505E+00
   0.521841216387317E-16
  -0.102512950292314E+00
  -0.150390048387881E+00
   0.194859775253347E-16
   0.728779191342776E-15
  -0.961354447342050E-15
  -0.278578823249898E+00
  -0.630891720828671E-15
  -0.408684781668333E+00
  -0.978874705141052E-16
   0.888247917293569E-17
  -0.122094194143988E-15
  -0.251779334287850E+00
  -0.369369003220045E+00
   0.696387613737731E-16
  -0.996709650642748E-16
   0.199806392863577E-15
  -0.145828090028746E-15
   0.852474069692433E-01
   0.125060898379071E+00
  -0.190776002675043E-15
   0.519167330560625E-01
   0.761636454143426E-01
   0.133487954733028E-15
   0.611933408880519E-15
  -0.948878020063146E-15
   0.967605132821341E-01
  -0.784607775800877E-15
   0.141951024071027E+00
   0.172674366920358E-15
   0.179075862112817E-17
   0.531077679471714E-16
   0.755180715921727E-16
   0.350180615880059E-15
  -0.355726476829839E-15
  -0.752303659167070E-16
   0.416753041337478E-15
   0.237313619505148E-15
  -0.217562512316188E-16
  -0.157186874893777E-10
  -0.646950388007526E+00
   0.348579764636627E-15
   0.157187091953393E-10
   0.122889815361874E-14
  -0.217059615874524E-16
  -0.390718271224056E-16
   0.288628641345915E-16
   0.464879411016560E-15
   0.285635748167595E-15
  -0.112713336214370E-16
   0.237706859476629E-16
   0.546879803006770E-16
  -0.891622880915385E-16
  -0.293011549253861E-15
   0.830817643375649E-15
   0.768570347781907E-16
  -0.335610669563352E-15
   0.668964447588927E-15
  -0.134884448968318E-15
  -0.157183241948173E-10
  -0.646950388007526E+00
   0.178510786677544E-15
   0.157183159862853E-10
  -0.260982759848955E-14
   0.820853194643242E-17
  -0.176116264886438E-14
   0.463673485203319E-15
   0.676656047339129E-15
   0.381961605281225E-14
   0.567466689406896E-15
  -0.640359280261339E-15
   0.164150108953425E-14
   0.460568063584348E-15
   0.189037974427212E-15
   0.560275471002719E+00
  -0.181499942173359E-10
  -0.163183606696615E-14
  -0.560275471002715E+00
   0.532858484497222E-15
  -0.435941105528378E-14
   0.227242237032390E-15
   0.135131931158220E-14
   0.242475911125676E-14
   0.694180818966461E-15
   0.413669185291050E-14
  -0.218395223214737E-14
   0.329040221795244E-15
   0.466427655407427E-15
  -0.522516119034459E-14
  -0.509336811339074E-15
  -0.987548887419417E-15
  -0.442304483748305E-14
  -0.352183693195691E-15
  -0.317742792026916E-15
   0.560275471002717E+00
  -0.181503854427371E-10
   0.110537547111758E-13
  -0.560275471002716E+00
   0.653806646322451E-15
  -0.496816483615334E-15
   0.242783287858896E+00
  -0.436136996108492E-01
  -0.758630759396854E-01
   0.219876609685250E-14
   0.523922727641271E-15
   0.149171741754442E+00
   0.681485137287143E-15
   0.208424541970450E-15
  -0.211354665810670E-01
  -0.249790679388736E+00
  -0.217569750818608E-24
  -0.127531504713755E-14
  -0.249790679388744E+00
  -0.370853385928149E-15
   0.499581358777479E+00
  -0.734575217486254E-01
  -0.186668107005193E+00
   0.101348421965147E-14
   0.248927610269953E-15
  -0.621794026037979E+00
   0.263146901641473E+00
  -0.313433104302163E-01
  -0.315894603374005E-01
  -0.314512786936628E-14
  -0.950409045329780E-15
   0.802372834400687E-01
  -0.273295484560266E-14
  -0.881490568506166E-15
  -0.925667623849510E-03
  -0.271843144379154E-01
  -0.230915143865934E-24
   0.668819296639279E-14
  -0.271843144379242E-01
   0.197881032645137E-14
   0.543686288758396E-01
   0.266339129013094E-14
  -0.351858120556269E-15
  -0.605795234669925E-15
  -0.222479970640598E+00
  -0.663777333364449E-01
   0.135314963563786E-14
  -0.882258679561847E-01
  -0.263225184708083E-01
   0.455569194649819E-16
   0.594380839996388E-14
   0.168663816158367E-15
   0.127813262100865E+00
  -0.107507348141380E-13
   0.381335659302904E-01
   0.480692641417416E-14
  -0.791945119732453E-15
  -0.186327449153222E-14
  -0.122595920371297E+00
  -0.365769524650276E-01
  -0.569172132954364E-14
   0.245931967032233E-14
  -0.277574077785312E-15
  -0.301039550369319E-15
   0.322546532800613E+00
   0.962329673147083E-01
   0.680370346682764E-15
   0.277622071975318E+00
   0.828295860019599E-01
  -0.756928077597807E-16
   0.788897398195808E-14
   0.254918698943625E-15
  -0.715423778694689E+00
  -0.906183643551934E-14
  -0.213449366556515E+00
   0.117286245356126E-14
   0.359936822441586E-16
   0.124000016175785E-16
  -0.558955916733908E-16
  -0.663777333364448E-01
   0.222479970640598E+00
   0.616755033240878E-16
  -0.263225184708084E-01
   0.882258679561845E-01
  -0.749672036362298E-16
   0.181652503656053E-14
   0.472402476511433E-15
   0.381335659302906E-01
  -0.184804856902523E-14
  -0.127813262100865E+00
   0.315235324647085E-16
   0.159004405962761E-16
   0.106349761078728E-16
  -0.365769524650279E-01
   0.122595920371296E+00
  -0.960389737122210E-16
  -0.318655180844892E-15
   0.733409144112783E-16
  -0.346285076371894E-16
   0.962329673147084E-01
  -0.322546532800613E+00
  -0.600395436669899E-16
   0.828295860019599E-01
  -0.277622071975318E+00
   0.484708649300022E-16
   0.188367852584811E-14
  -0.462824011268542E-14
  -0.213449366556515E+00
  -0.188164762031787E-14
   0.715423778694689E+00
  -0.203090553024358E-17
  -0.422882448491854E+00
  -0.740933343748277E-01
  -0.102303542580016E+00
  -0.136265500696850E-15
  -0.460082224616812E-16
  -0.605835257786847E-01
  -0.283434709215478E-15
   0.543302139464959E-16
   0.158742354910642E-01
  -0.187470885288976E+00
  -0.140814429129235E-24
   0.149442593097900E-15
  -0.187470885288977E+00
  -0.280909134770476E-15
   0.374941770577953E+00
   0.100366748977047E+00
   0.278117219255701E-01
  -0.229181877812276E-15
  -0.217291331915872E-15
   0.277931229457929E+00
   0.382228539027220E+00
  -0.389272722796019E-01
  -0.300684323226879E-01
  -0.865251280527307E-16
   0.149377018831390E-15
   0.277287443041748E+00
  -0.587106087959824E-16
   0.699504384880221E-16
   0.117738575760573E+00
   0.237053958703197E+00
  -0.208713268075208E-24
  -0.541937434831068E-15
   0.237053958703196E+00
   0.109709353784262E-15
  -0.474107917406394E+00
   0.311112636501442E+00
  -0.131318643689565E+00
  -0.790673285977171E-01
   0.156557402058543E-15
   0.313670475527765E-16
  -0.214402941329221E+00
   0.210220835629276E-15
   0.291028640074271E-16
   0.106719768953577E+00
  -0.116922474159843E+00
  -0.145618752062252E-24
  -0.110165491246508E-15
  -0.116922474159844E+00
   0.717846040288767E-16
   0.233844948319687E+00
   0.114938404129132E+00
   0.787136289756127E-01
   0.173636547045462E-15
   0.164114282888621E-15
   0.445104718843922E+00
   0.325662481368890E+00
  -0.716996720013071E-01
  -0.497305308533319E-01
  -0.103952440383503E-15
  -0.153250064929104E-15
   0.102311686863918E+00
   0.482338120383845E-16
  -0.197672065782341E-15
  -0.114193561853715E-01
  -0.297230894902368E+00
  -0.310694528567401E-24
   0.542717534468884E-15
  -0.297230894902370E+00
   0.227923302170979E-15
   0.594461789804738E+00
  -0.359221699850963E+00
   0.222476936439083E+00
   0.108342764476620E+00
   0.437173224106992E-19
  -0.187892487389888E-15
   0.485869670106714E-01
   0.430780170798997E-16
  -0.439279836220483E-16
  -0.257235548081119E-01
   0.219020422349211E+00
   0.268463259168792E-24
   0.302355750100031E-18
   0.219020422349211E+00
  -0.133864741751414E-16
  -0.438040844698422E+00
  -0.118231734771309E+00
  -0.112816868916692E-01
   0.590377975141117E-16
   0.263325956027444E-15
  -0.188349353108511E+00
   0.705854545545510E+00
  -0.202685273310053E+00
   0.228749762917967E-01
   0.601862680021203E-16
   0.193932671613451E-17
  -0.198756287009726E+00
   0.258752050077267E-16
   0.310753342079251E-16
  -0.187637141325402E-01
  -0.118009572067356E+00
  -0.101451618057329E-23
  -0.419381813365434E-16
  -0.118009572067355E+00
   0.282166422180943E-15
   0.236019144134710E+00
  -0.702416919749782E+00
   0.158896344379295E+00
  -0.832359022141360E-01
  -0.584788338472854E-16
   0.581214018375251E-16
  -0.793182682956725E-01
   0.146969348286395E-15
  -0.376305978218924E-16
   0.487246599725732E-01
  -0.144947110841739E+00
  -0.212383845322850E-24
   0.510371903016023E-16
  -0.144947110841738E+00
  -0.799888701136831E-16
   0.289894221683477E+00
  -0.113069358663425E-01
  -0.767346656618624E-01
   0.162866132746541E-15
  -0.133177644806890E-15
  -0.133968800629321E+00
  -0.377120996457688E+00
   0.468726479739625E-01
  -0.866416324950548E-01
  -0.329981953455040E-16
   0.177892898222273E-18
   0.118103374119196E+00
   0.149965374397962E-16
  -0.421064559011841E-16
  -0.189817784384369E-01
  -0.268608695724876E+00
   0.557262432273477E-24
   0.919261186490032E-16
  -0.268608695724877E+00
  -0.109519656391193E-15
   0.537217391449753E+00
   0.536805553649354E-17
   0.149631924835123E-16
   0.291462867749912E-16
  -0.224478742959518E-15
   0.799453164141824E-15
   0.383398722811697E-16
   0.255701397409214E-15
   0.701213302200893E-15
  -0.209053035811325E-16
  -0.394302145588379E-04
  -0.787922126221538E+00
  -0.108703156616150E-16
   0.394302145588593E-04
  -0.513277679862381E-15
  -0.214574654611493E-16
  -0.370933590168855E-16
   0.223866006900410E-16
  -0.368540713256631E-15
   0.470541374742945E-15
   0.117379415555592E-16
   0.220470541924156E-16
   0.154140001992393E-15
  -0.166027904365104E-15
   0.297573483922571E-15
  -0.126884771588712E-14
   0.410993590047770E-16
   0.346825208642439E-15
  -0.121219146261916E-14
  -0.545416586266826E-16
   0.394302145592595E-04
   0.787922126221538E+00
  -0.105500155615685E-14
  -0.394302145592632E-04
   0.332348498335708E-14
   0.366909877496651E-17
  -0.336600039382407E-16
   0.269001494737264E-15
   0.266067481769746E-15
  -0.557421910497966E-15
  -0.891173317539188E-16
   0.168031286625731E-15
  -0.399454030607974E-15
  -0.125879608006698E-15
  -0.750337987619850E-16
  -0.682360577511700E+00
   0.455300899799331E-04
   0.199023474769849E-16
   0.682360577511701E+00
   0.595449311940987E-16
  -0.634206661282176E-15
  -0.133880512279629E-15
  -0.768880550662896E-16
   0.655728515824151E-15
  -0.322395282219098E-16
  -0.104744758846359E-15
   0.317613836693372E-15
  -0.256245495938520E-15
   0.978121986473414E-17
   0.381274080957551E-15
  -0.811771271479277E-16
  -0.338579880305157E-15
  -0.666952983582319E-16
  -0.532045778159037E-17
   0.127800880883896E-15
   0.682360577511701E+00
  -0.455300899794117E-04
   0.344602069834837E-15
  -0.682360577511701E+00
  -0.142904789336325E-15
  -0.161415108269209E-15
  -0.284929234382727E-17
  -0.702631814889688E-16
  -0.218817140254876E-15
   0.449062734303477E-03
  -0.501350384852057E+00
  -0.230517737670397E-15
   0.416229320273222E-03
  -0.464693936871063E+00
   0.302007761569144E-15
  -0.575675126577743E-16
  -0.391476820140136E-15
   0.175806924585695E-03
  -0.224463286333727E-16
  -0.196277407515109E+00
   0.800138412911471E-16
   0.444502808101912E-15
  -0.418211887603387E-15
  -0.817381274994259E-03
   0.912554940513014E+00
  -0.124436079566283E-15
  -0.258816352895967E-15
   0.352789051297836E-15
  -0.542417901467745E-16
  -0.438358613634312E-03
   0.489399905315100E+00
  -0.422266172018842E-16
  -0.104304732254577E-03
   0.116449693245880E+00
   0.200493461581776E-15
  -0.307833497897263E-16
   0.855306603408934E-16
  -0.257609466004893E-03
   0.131409530482061E-15
   0.287604815668483E+00
  -0.100626180692335E-15
  -0.409684338624527E-16
   0.219334821371169E-16
   0.864111551319406E-16
   0.501350384852057E+00
   0.449062734303640E-03
  -0.322731227712643E-15
   0.464693936871064E+00
   0.416229320273294E-03
  -0.186804579533562E-15
  -0.486367427849685E-15
   0.376636494860257E-15
   0.196277407515110E+00
   0.804460339194697E-15
   0.175806924585865E-03
  -0.318092911345012E-15
   0.242007861698882E-16
   0.252256607860028E-15
  -0.912554940513015E+00
  -0.817381274994024E-03
   0.109312208248593E-16
   0.495449996002986E-17
   0.613048615689605E-18
  -0.154993868497180E-15
  -0.489399905315100E+00
  -0.438358613634178E-03
  -0.315448027704887E-16
  -0.116449693245879E+00
  -0.104304732254764E-03
  -0.206572405629417E-15
   0.501129071772652E-15
  -0.238373859558267E-15
  -0.287604815668483E+00
  -0.681823798997441E-15
  -0.257609466004619E-03
   0.180694727224789E-15
   0.132126246959634E-16
  -0.943723128636158E-16
   0.156827235274446E-14
  -0.303482561856122E-01
  -0.707086079574980E-01
  -0.697046853963062E-15
  -0.165613080373232E+00
  -0.385863039415828E+00
   0.125529079670639E-15
  -0.986466107224574E-16
  -0.109919118079604E-16
   0.555457780953414E+00
  -0.407598224453907E-15
   0.129416485185117E+01
   0.506244835176365E-15
  -0.115715453009789E-14
   0.850098165176808E-15
  -0.276221121330051E+00
  -0.643569464362679E+00
  -0.994121150439076E-16
  -0.213174083068431E-15
  -0.925880505044075E-15
  -0.434091955586013E-15
   0.329731132739071E+00
   0.768242802935508E+00
   0.511945311528857E-15
   0.616040569021480E-01
   0.143531710074069E+00
  -0.139028368108151E-14
   0.193792208489605E-15
   0.100193114781861E-15
   0.348993110685554E+00
   0.755448619835573E-16
   0.813121416018703E+00
  -0.269337070473163E-15
   0.355705042437770E-16
   0.403634938173976E-15
   0.680509962957197E-15
   0.707086079574963E-01
  -0.303482561855956E-01
  -0.198543509918469E-16
   0.385863039415829E+00
  -0.165613080373245E+00
   0.128985359594234E-14
  -0.111424687294721E-14
   0.355073781007358E-15
  -0.129416485185117E+01
   0.985728555555274E-16
   0.555457780953411E+00
   0.101567401739168E-14
  -0.216153369981489E-14
   0.257467684290426E-15
   0.643569464362679E+00
  -0.276221121330051E+00
   0.573655419858292E-15
  -0.235734144346678E-15
  -0.835888407886369E-15
   0.107123251565542E-14
  -0.768242802935509E+00
   0.329731132739077E+00
  -0.109598812163908E-14
  -0.143531710074067E+00
   0.616040569021394E-01
   0.931430575800644E-15
   0.238985691413500E-15
  -0.152235459229112E-15
  -0.813121416018703E+00
  -0.102037615258498E-15
   0.348993110685549E+00
  -0.136948076155002E-15
  -0.120008731470779E-15
   0.670288406922053E-16
   0.204593170980923E-14
   0.128880983902841E+01
   0.677084031525457E+00
   0.192218415244506E-14
  -0.899616756361935E+00
  -0.472619095369875E+00
  -0.549299201510366E-14
  -0.905593383361852E-15
   0.810037977875028E-16
  -0.269449776798599E+00
  -0.618503822379274E-15
  -0.141557067337376E+00
   0.152409720574113E-14
   0.108774409968440E-14
  -0.172564166664432E-15
   0.390106533676405E-01
   0.204944823159563E-01
   0.148474462840581E-14
  -0.963369706101778E-15
  -0.345975617830847E-14
  -0.448918268833072E-15
   0.741109304839586E+00
   0.389346248551382E+00
  -0.121013310076133E-14
  -0.964911238532267E+00
  -0.506921945864539E+00
   0.737861421526135E-15
  -0.113440108032963E-15
   0.224677940819212E-15
  -0.384981792194696E+00
  -0.592492412334317E-15
  -0.202252509275984E+00
   0.705932520367281E-15
   0.150778652983729E-15
   0.123300569325143E-14
  -0.108216102655500E-15
  -0.677084031525456E+00
   0.128880983902841E+01
  -0.321871409051662E-15
   0.472619095369866E+00
  -0.899616756361936E+00
   0.251690049493111E-14
  -0.382560430736852E-15
  -0.360159936290857E-15
   0.141557067337390E+00
  -0.102030063037236E-14
  -0.269449776798613E+00
   0.140286106110922E-14
  -0.262312446159852E-14
  -0.272246243259398E-15
  -0.204944823159622E-01
   0.390106533676477E-01
   0.948211757082355E-15
   0.501899673429856E-15
   0.119815822436512E-14
  -0.463518191341589E-15
  -0.389346248551378E+00
   0.741109304839577E+00
  -0.428779568743939E-14
   0.506921945864547E+00
  -0.964911238532266E+00
   0.423102988058097E-14
   0.383536983082004E-15
   0.734302028653387E-16
   0.202252509275992E+00
  -0.828339462860418E-16
  -0.384981792194704E+00
  -0.300703036795962E-15
  -0.265042340199191E-02
  -0.293442639826550E+00
   0.355297289397484E-01
  -0.252683952421025E-15
   0.265520917388614E-15
  -0.672503831928327E+00
  -0.274615674733247E-15
   0.306687670561603E-14
   0.245345270414073E+00
   0.181009434314149E+00
   0.335065005565003E-16
  -0.145236105285359E-14
   0.181009434314149E+00
  -0.288005760407371E-14
  -0.362018868628298E+00
  -0.311338730194855E+00
   0.106048283377262E+01
   0.641176640478296E-15
   0.100187217628047E-15
  -0.570429983023011E+00
  -0.371397166562344E-01
  -0.455490831139221E+00
   0.259276199230856E+00
  -0.483683789307569E-15
   0.632882871591149E-14
   0.132695992015617E+01
   0.809903141111107E-15
  -0.940846585771157E-14
  -0.163535089221717E+01
   0.643529363246506E-01
   0.167936567142666E-16
  -0.896649626549764E-15
   0.643529363246512E-01
  -0.174242652612174E-14
  -0.128705872649302E+00
  -0.737449745029396E-15
  -0.406889218004145E-14
   0.741772107758246E-15
   0.563335881164188E+00
   0.738187693957102E+00
  -0.819131181526346E-14
  -0.969143073663033E+00
  -0.126995193202207E+01
   0.114380281422531E-14
  -0.793829804817558E-15
  -0.135541601372041E-14
   0.698645392663652E-01
  -0.148188428439507E-15
   0.915495441615287E-01
   0.942018233257065E-15
  -0.352142397342376E-14
   0.103989459498761E-13
   0.732878983306649E-01
   0.960354674228691E-01
  -0.442643984860323E-14
  -0.773686484177742E-15
  -0.302246120176254E-14
  -0.103780407202266E-14
  -0.725240828376159E+00
  -0.950345739660969E+00
  -0.126895194478194E-14
   0.106952951012636E+01
   0.140149695607469E+01
  -0.989945087074672E-15
   0.788623535960347E-15
  -0.172201948277197E-16
   0.323143297114848E-01
   0.287819880967086E-15
   0.423442591339913E-01
  -0.107644341692743E-14
   0.192872697844086E-14
   0.997287770492842E-14
   0.541666100396963E-14
   0.738187693957111E+00
  -0.563335881164187E+00
   0.181340947263625E-13
  -0.126995193202208E+01
   0.969143073663032E+00
  -0.174731091515820E-13
  -0.470168702552724E-15
  -0.262586876748038E-15
   0.915495441615271E-01
  -0.499214489316093E-16
  -0.698645392663609E-01
   0.520090151484333E-15
   0.126990128950089E-13
  -0.203896015836586E-13
   0.960354674228700E-01
  -0.732878983306668E-01
   0.102885018447326E-13
  -0.230533613518300E-14
  -0.110312695397444E-13
   0.385072369688625E-14
  -0.950345739660965E+00
   0.725240828376163E+00
   0.841511201940450E-14
   0.140149695607468E+01
  -0.106952951012636E+01
  -0.885761784262173E-14
  -0.105949680310321E-14
  -0.228422478113565E-16
   0.423442591339889E-01
  -0.141177424831621E-14
  -0.323143297114828E-01
   0.247127105141942E-14
  -0.192002565355357E+00
  -0.892791888871895E+00
  -0.311185757247371E+00
   0.117015619904257E-13
  -0.127357117776739E-13
  -0.136132138940539E+01
  -0.169869808251153E-13
   0.205061015342821E-13
   0.744621464473633E+00
  -0.258621853672567E-01
  -0.114762632685029E-15
   0.122149698717066E-14
  -0.258621853672563E-01
  -0.134587255478021E-14
   0.517243707345130E-01
  -0.442700847784604E+00
   0.138190204409163E+01
   0.106587338156360E-14
  -0.141593486108862E-14
  -0.763055211081749E+00
   0.807637339529635E-01
   0.532942080390743E+00
  -0.391882680680198E+00
  -0.819056840231000E-14
   0.133515309054427E-13
  -0.100926622854913E+01
   0.131407366808258E-13
  -0.203071216523087E-13
   0.103914904088336E+01
   0.641312053534599E-01
  -0.167517500004010E-15
  -0.458247938437917E-15
   0.641312053534595E-01
  -0.742315483836257E-15
  -0.128262410706919E+00
   0.751144712190739E-02
   0.603395301853316E-01
   0.449629766168571E+00
  -0.891259905345361E-14
   0.583607777586992E-15
  -0.134942220415212E+01
   0.100011122214913E-13
  -0.110019471121730E-14
  -0.124199193773441E+01
  -0.194667358614148E+00
   0.218803923822017E-15
  -0.231617444103255E-15
  -0.194667358614149E+00
   0.249888133212185E-15
   0.389334717228297E+00
   0.154850303126542E+01
  -0.578950188662937E-01
   0.216529041806111E-15
   0.444603468261160E-15
  -0.389408364866271E+00
  -0.424263943976139E+00
  -0.217094465358808E+01
  -0.258966661126217E-01
   0.287869138758701E-14
  -0.186658500827633E-14
  -0.851055951866112E+00
  -0.460067210928617E-14
   0.258422080910090E-14
   0.227469883917345E-01
   0.116259170736623E+00
  -0.967046681067208E-16
   0.639889359602633E-15
   0.116259170736622E+00
   0.140234160896935E-15
  -0.232518341473245E+00
  -0.459269350199370E+00
  -0.195820575172541E+01
   0.107109883344434E+00
  -0.771935997559896E-14
  -0.715794309545336E-15
   0.202063081571903E+01
   0.773112879215043E-14
  -0.136863331838875E-14
  -0.260005191044476E+01
  -0.374013931338470E-01
   0.556127697819180E-16
   0.129954348025928E-16
  -0.374013931338471E-01
   0.308154175267927E-15
   0.748027862676940E-01
  -0.497538021754740E+00
   0.195439899379238E+01
  -0.481583985467561E-15
   0.108121433948230E-14
   0.101593098020847E+00
  -0.120499501144302E+00
  -0.393426505791456E+00
   0.475616617885275E+00
   0.467983329728856E-15
  -0.225837648028923E-15
   0.314733947365251E+00
  -0.377306004920330E-15
   0.168485349519066E-14
   0.826071625405285E+00
  -0.384772999366615E+00
   0.113049835792344E-15
   0.928913922958209E-15
  -0.384772999366614E+00
   0.496635095500002E-15
   0.769545998733229E+00
   0.181297505842959E+00
   0.110378639209077E+01
   0.345568946391157E+01
   0.421262898824699E-16
  -0.104235274354151E-13
   0.154241684691637E+00
  -0.115594685230971E-15
   0.113262618128767E-13
   0.684873221875182E+00
  -0.109775133427036E+01
  -0.147488600055065E-15
   0.495031828905088E-14
  -0.109775133427036E+01
  -0.659533775509996E-14
   0.219550266854072E+01
  -0.413518907278676E+01
   0.633179811468315E+00
  -0.189633759839592E-14
   0.444892673210813E-14
   0.135615746733350E+01
  -0.496465519857398E+00
  -0.193532112472927E+01
  -0.272499276626788E+00
   0.221629856400292E-14
  -0.148856151318749E-14
  -0.122768693698399E+01
   0.366511227346014E-15
  -0.237564770174338E-14
  -0.302668624584071E+00
   0.200444888102176E+00
   0.136650423328487E-15
   0.326369339259882E-14
   0.200444888102180E+00
  -0.139066369023912E-14
  -0.400889776204356E+00
   0.946738588795205E+00
   0.432436197227860E+01
  -0.456613033062677E+01
   0.102461424879520E-15
  -0.501106607302537E-14
   0.272942795865998E+00
  -0.121802419607740E-14
   0.288328279476989E-14
  -0.125750422884323E+01
  -0.317221311394857E+00
  -0.789274348548197E-16
   0.102553058581396E-14
  -0.317221311394858E+00
   0.975233922894475E-15
   0.634442622789715E+00
  -0.128651820727239E+01
   0.246023601652468E+01
  -0.294070148823180E-15
  -0.388841318571488E-15
   0.491075181235374E+00
  -0.203553809772029E+00
  -0.895336020531081E+00
   0.989486623238864E-01
   0.697945897048870E-16
   0.141918412007780E-14
  -0.644702493264878E+00
   0.948956901463269E-16
  -0.121652911516045E-15
   0.128441104356721E+00
   0.196199853588185E+00
   0.282827919449355E-16
   0.240809363547099E-15
   0.196199853588185E+00
   0.116165772399718E-14
  -0.392399707176369E+00
  -0.503316877038578E+00
  -0.183161708528947E+01
  -0.245708692004609E+01
   0.946435200759294E-14
  -0.126648127772617E-14
   0.654316846279400E+00
  -0.755270864197678E-14
   0.337462320430379E-14
   0.462628511222400E+01
   0.593952497487591E-01
  -0.266555292937623E-14
   0.810398277782297E-14
   0.593952497487577E-01
  -0.596761357789298E-16
  -0.118790499497517E+00
  -0.935384486218067E+00
  -0.141699907963309E+01
  -0.325156694823944E-14
   0.858880332407123E-15
  -0.739082607619005E-01
  -0.106579695986318E+01
  -0.418189919907323E+01
   0.105764962837659E+02
   0.429508033887879E-14
   0.588819637327032E-15
  -0.117113941512716E-01
   0.103466393926286E-14
  -0.121971094836933E-14
   0.283493145615325E+01
  -0.214377465064880E+00
   0.890105521174508E-15
   0.340984728961171E-14
  -0.214377465064879E+00
   0.719544072164992E-16
   0.428754930129758E+00
