  -0.234637169286984E-01
  -0.147842529520375E+00
  -0.160228627397184E+00
  -0.115520958119910E-01
   0.128670794064337E-01
  -0.260122698990350E-17
  -0.147867608398135E-01
   0.158205617820353E-01
  -0.109106457981137E-17
   0.342048159818748E-02
   0.491905853655976E-02
   0.191738855255176E-18
  -0.783642962852300E-02
   0.279521210789428E-18
   0.441594803033552E-02
  -0.967960857476209E-01
  -0.115155903326635E+00
  -0.305068625503212E-01
   0.102127782165728E-01
  -0.476280729929387E-18
  -0.105548332513099E+00
  -0.124421149101636E+00
   0.132187881792322E-01
   0.138723812089303E-01
   0.277405248495157E-01
  -0.105548332513099E+00
  -0.124421149101636E+00
   0.132187881792322E-01
   0.138723812089303E-01
  -0.277405248495157E-01
  -0.746805961781364E-01
  -0.896942250072347E-01
   0.162810336091306E-01
  -0.272889905989385E-01
  -0.208667572338998E-18
  -0.104205815192603E-01
  -0.793182519930071E-01
  -0.922959758165991E-01
  -0.171482304227933E-01
  -0.492533261427443E-01
  -0.915978599752803E-18
  -0.212595420078826E-01
  -0.705113113539655E-01
  -0.202767677224614E-18
   0.145729808834803E-03
   0.486093112212916E-04
  -0.331586392286485E-19
  -0.560191189097862E-02
  -0.400790701414723E-19
   0.545618208214381E-02
   0.134798237721008E-01
   0.508228763822304E-01
   0.472677731975249E-01
  -0.937669120056861E-01
   0.151541845789841E+00
   0.733056044436633E-17
  -0.109155007812225E+00
   0.181234174592119E+00
   0.104259461588465E-16
   0.170895784748611E-01
   0.249070631177967E-01
   0.905374908428324E-18
  -0.331066090578956E-01
  -0.120908846730191E-17
   0.160170305830345E-01
   0.121658204134109E+00
   0.114523354012198E+00
   0.361705637515664E-01
   0.796357119749418E-02
   0.496019594902896E-17
   0.427745657401543E-01
   0.403199325904182E-01
  -0.367981287072140E-01
   0.375960997399314E-01
  -0.166005501717278E-01
   0.427745657401543E-01
   0.403199325904182E-01
  -0.367981287072140E-01
   0.375960997399314E-01
   0.166005501717278E-01
  -0.166866782793133E+00
  -0.155518955459127E+00
   0.617373226876118E-01
  -0.352055750291163E-01
   0.179841891491287E-17
  -0.250028345072005E-01
  -0.141118377685292E+00
  -0.149721851382145E+00
  -0.963383918823729E-01
   0.274292270304871E-01
   0.776917741191605E-17
  -0.115792416887006E+00
   0.428964418674793E-01
   0.804778723532278E-17
  -0.103048285807041E-01
  -0.286422891378986E-02
   0.305352767154323E-18
   0.218220949538657E-02
  -0.151599381085789E-17
   0.812261908531751E-02
   0.627835116744516E-16
   0.103153243079276E-15
   0.756654588689155E-16
  -0.266859552523088E-14
  -0.176059948354147E-14
  -0.260473321600402E+00
  -0.302706562646148E-14
  -0.199753991538838E-14
  -0.285085461532136E+00
  -0.877407447181177E-16
   0.130283361980538E-15
  -0.112375306460717E-01
   0.402394009529347E-15
   0.274073340153080E-01
  -0.314653264811230E-15
   0.127507164660621E-14
   0.114693993354125E-14
  -0.145751344691359E-15
  -0.836953601928609E-15
  -0.868543570392396E-01
  -0.136990263572609E+00
  -0.119457574531890E+00
   0.424995735833126E-01
   0.432126803668476E-01
  -0.131605336629046E-01
   0.136990263572607E+00
   0.119457574531889E+00
  -0.424995735833139E-01
  -0.432126803668479E-01
  -0.131605336629059E-01
  -0.692090820415322E-16
   0.679844781156771E-16
  -0.451142020885740E-15
  -0.222807904467969E-15
  -0.824719494470951E-01
   0.264776485353293E-15
   0.141614583764125E-14
   0.158387069297754E-14
  -0.154957699175682E-14
   0.465554584191062E-15
  -0.164967808882361E+00
  -0.187336588261271E-14
   0.514514558254381E-15
  -0.203540450398215E+00
  -0.543104720647653E-16
  -0.315856235905766E-15
  -0.124982140448876E-01
   0.201899457752932E-15
  -0.244124223655245E-01
  -0.147588985688167E-15
   0.273873443826129E-03
  -0.764436499887966E-02
  -0.861075733099593E-02
   0.225894822178222E+00
   0.147090851704834E+00
  -0.325127210365292E-14
   0.246227123492576E+00
   0.158073600004095E+00
  -0.357151900957168E-14
   0.754494434676702E-02
  -0.197671947526399E-01
  -0.132905272955188E-15
  -0.295701269143713E-01
   0.338698494604497E-15
   0.220251825676043E-01
  -0.106927857963323E+00
  -0.955236581328470E-01
   0.882150845164797E-02
   0.808902299954306E-01
  -0.108220592042322E-14
   0.998374651089923E-01
   0.837460049394102E-01
   0.455966191022656E-01
   0.173755089570350E-01
  -0.541964370808285E-01
   0.998374651089958E-01
   0.837460049394132E-01
   0.455966191022645E-01
   0.173755089570339E-01
   0.541964370808281E-01
   0.815328724318341E-02
  -0.382876233829987E-02
   0.420770538642035E-01
   0.128569037974479E-01
  -0.102129917085353E-14
  -0.224261268286129E-01
  -0.123356568246979E+00
  -0.129606594956792E+00
   0.126918383936818E+00
  -0.337249128856583E-01
  -0.203060376247375E-14
   0.161507981645898E+00
  -0.336480092390184E-01
  -0.250704060278865E-14
   0.385802388950126E-02
   0.286223367744666E-01
  -0.154527038741662E-15
  -0.109678384805127E-01
  -0.302673607731083E-15
   0.710981459101140E-02
   0.249592269471170E-01
   0.400938484728993E-01
   0.176410667090347E-01
   0.955924960865245E-01
  -0.182891420092208E+00
   0.603209501471693E-16
   0.928620351542027E-01
  -0.129878900002639E+00
   0.716655134752388E-16
   0.107542970518365E-02
   0.366317308968923E-01
   0.336406646942185E-17
   0.848105505418727E-03
   0.238754961148838E-16
  -0.192353521060238E-02
  -0.103405327817694E+00
  -0.870083315433043E-01
  -0.178673913174844E-01
  -0.870105902653393E-01
   0.253230725897722E-16
  -0.235004174914143E-02
  -0.103247672062697E-01
   0.369363142935824E-01
  -0.912553379017597E-01
  -0.206816421661181E-01
  -0.235004174914153E-02
  -0.103247672062698E-01
   0.369363142935825E-01
  -0.912553379017597E-01
   0.206816421661181E-01
  -0.152413452743807E+00
  -0.121755442307264E+00
   0.120144395234844E+00
   0.157822949055564E+00
  -0.141724190190069E-17
  -0.142372755230986E-01
  -0.713806073290418E-01
  -0.740065465324862E-01
  -0.499934928703205E-01
   0.309387397413380E+00
   0.127305929862544E-16
  -0.434258180201103E-01
   0.328071528790277E+00
   0.257422013628143E-16
  -0.870913013726127E-02
   0.564218055680572E-01
  -0.763276814740679E-18
   0.420330829105613E-02
   0.189465650719097E-17
   0.450582184620514E-02
  -0.108210630471437E-15
  -0.578420316055401E-16
   0.508480357985656E-17
   0.418707985311931E-15
   0.646338280504208E-16
  -0.142160420600113E+00
   0.263471120316676E-15
  -0.262380668758158E-16
  -0.124113333302809E+00
   0.228819672851500E-16
   0.601295725204345E-15
   0.110068082338610E+00
  -0.331913281180915E-17
  -0.329014595227230E+00
  -0.195628344733409E-16
  -0.354668741737667E-15
  -0.275903136478542E-15
  -0.768773753229769E-16
  -0.197505701195827E-15
  -0.197367785944764E+00
  -0.110180935816187E+00
  -0.729800229003363E-01
   0.114712940395421E+00
  -0.103095479733527E+00
   0.836644760886248E-03
   0.110180935816187E+00
   0.729800229003366E-01
  -0.114712940395421E+00
   0.103095479733527E+00
   0.836644760886715E-03
  -0.107090771338191E-15
  -0.407040128750829E-16
  -0.105808381233119E-15
  -0.192821332396224E-16
   0.219473375478988E+00
   0.190204792723762E-15
   0.261361346996899E-15
   0.338144959151714E-15
  -0.748974750805003E-15
  -0.278877849014153E-15
   0.297803168467073E+00
  -0.692970932141699E-15
  -0.215511354640242E-15
   0.289995819699427E+00
   0.650591160821355E-16
  -0.115917355439850E-15
   0.724101771156559E-01
  -0.306025788668547E-15
   0.238615942702723E-01
   0.240966672586412E-15
   0.502957136090255E-02
  -0.790633799469175E-02
  -0.136665676393466E-01
  -0.128675187799981E+00
   0.129163647052934E-01
  -0.208388428254291E-15
  -0.111270423622350E+00
   0.271027777580497E-01
  -0.172492596954002E-15
  -0.840299528308621E-01
  -0.360739488949940E+00
   0.225984298350847E-15
  -0.380381642829814E-02
  -0.728235642087416E-15
   0.878337692591602E-01
   0.116259500242061E+00
   0.691474188221508E-01
   0.796173163347468E-01
   0.129208467541729E+00
  -0.411497603512933E-15
  -0.720193841812648E-01
  -0.527672886442113E-01
  -0.130534463586927E+00
  -0.681872648138945E-01
   0.111595045987015E+00
  -0.720193841812643E-01
  -0.527672886442111E-01
  -0.130534463586927E+00
  -0.681872648138939E-01
  -0.111595045987015E+00
   0.510310559953789E-01
  -0.243139892251147E-02
   0.217031573796980E-01
   0.155904127293884E+00
   0.503814117463747E-15
  -0.158569024068330E-01
  -0.846794406788145E-01
  -0.881482192133027E-01
   0.274109189749527E+00
   0.956224698100563E-01
   0.684034198763552E-15
   0.263746323378683E+00
   0.962500788197836E-01
   0.652317341060127E-15
   0.368545460727070E-01
   0.924311074898863E-01
   0.160349567786920E-15
  -0.366113277870812E-01
   0.555162380107204E-16
  -0.243218285625802E-03
   0.659519158609015E-02
   0.104583645292616E-01
   0.160153482781762E-01
  -0.139912541231246E-01
  -0.905757256415096E-01
  -0.790038911125254E-16
  -0.873447777524096E-02
  -0.951729213908132E-01
  -0.780773536432689E-16
   0.220899900728313E+00
   0.205405419825374E-03
   0.732241314259118E-15
  -0.514045151731239E+00
  -0.127561624330054E-16
   0.293145251002925E+00
   0.486142218136641E-01
   0.278114549536643E-01
  -0.699519687784851E-01
  -0.224540144367855E+00
  -0.411046558245406E-15
   0.504336830389392E-01
   0.264969671667478E-01
   0.127341634382127E-01
  -0.241578645759894E+00
   0.792713679433226E-01
   0.504336830389389E-01
   0.264969671667477E-01
   0.127341634382124E-01
  -0.241578645759893E+00
  -0.792713679433229E-01
   0.613050458166275E-01
   0.776929953196505E-01
   0.120303188786449E+00
  -0.150401704013528E+00
  -0.167277654857399E-15
  -0.635539635754523E-01
  -0.145084164826880E+00
  -0.110365470801907E+00
  -0.106202753684858E-01
  -0.148595432995764E+00
  -0.211380605386139E-15
   0.187840040370112E-01
  -0.759534176533516E-01
  -0.190532455997119E-15
   0.450078079976829E-02
  -0.282511689866701E-01
  -0.144829523730548E-16
  -0.755680858192266E-01
   0.570089757138498E-16
   0.710673050194583E-01
  -0.385229334323327E-03
  -0.118198154852868E-01
  -0.106822785833689E-01
  -0.662432612832472E-01
   0.161205602740196E-01
   0.911250932065496E-15
  -0.554722176645281E-01
   0.147965758518740E-01
   0.927773212731205E-15
   0.496730382318043E+00
  -0.132981464563970E-02
   0.856981811379944E-14
  -0.541841418117438E-01
  -0.943161394768815E-15
  -0.442546240506300E+00
   0.185724252507605E+00
   0.874800154082235E-01
  -0.715431484832309E-02
  -0.169753163148082E+00
  -0.531139271071577E-14
  -0.917028168950677E-01
  -0.478510173236803E-01
   0.238744865288966E+00
   0.635035925394358E-01
  -0.133552901861842E+00
  -0.917028168950725E-01
  -0.478510173236826E-01
   0.238744865288961E+00
   0.635035925394408E-01
   0.133552901861840E+00
   0.666225573121192E-01
   0.211611664076588E-01
   0.942513057009709E-02
   0.989335705008768E-01
  -0.297219475007104E-14
  -0.146998815139936E-01
  -0.589200884758043E-01
  -0.572270208754038E-01
   0.154463725535417E+00
   0.242666473693486E-01
  -0.288973219025261E-14
   0.131612328359862E+00
   0.293601596808534E-01
  -0.254087906435517E-14
   0.106761143446725E+00
  -0.585102573448935E-02
  -0.666302351031849E-15
  -0.593228707594978E-01
   0.144547507337590E-14
  -0.474382726872270E-01
   0.250101498258462E-15
  -0.126724084570832E-15
  -0.209973480833394E-15
  -0.103706346488355E-14
  -0.535561786314177E-16
  -0.712907424150906E-01
  -0.995417260616025E-15
   0.921947784775430E-16
  -0.602779694891607E-01
   0.873873418706503E-14
  -0.195738584327606E-15
  -0.517569610964700E+00
  -0.156114194358102E-14
   0.572428074052543E-01
  -0.717759224348401E-14
   0.303830472052563E-14
   0.150260322703835E-14
  -0.158099476755594E-15
  -0.291234209776253E-14
   0.312910033362253E+00
  -0.151388705447785E+00
  -0.752150977792374E-01
  -0.143660792639070E+00
   0.154346579121883E+00
   0.632900047743479E-01
   0.151388705447782E+00
   0.752150977792359E-01
   0.143660792639078E+00
  -0.154346579121882E+00
   0.632900047743520E-01
   0.113796937935363E-14
   0.297400609256490E-15
  -0.379299502350876E-16
   0.109283229019978E-14
   0.185272172670053E+00
   0.651091524799567E-16
  -0.125446759309322E-14
  -0.114756152671218E-14
   0.267000806217215E-14
   0.308433486016419E-15
   0.179805695849449E+00
   0.211420578754606E-14
   0.412613796699496E-15
   0.155357476381042E+00
   0.155428198006157E-14
  -0.302883812092436E-15
   0.444501005003734E-01
  -0.728325162500813E-15
  -0.920704564313084E-01
  -0.825956817560756E-15
   0.223299416839899E-15
  -0.436997306071201E-16
   0.601989936170486E-16
  -0.423666679412063E-16
  -0.383087478215381E-18
  -0.548617806444166E-01
   0.404232102267837E-16
  -0.171077845687466E-15
  -0.441899266928069E-01
  -0.215716671477667E-16
  -0.992020377175746E-16
   0.248463336300387E+00
  -0.697898382215047E-16
   0.406113595611790E+00
   0.913615053692714E-16
  -0.140301759303558E-15
  -0.608821064796978E-16
   0.252261421538586E-15
   0.875742964746344E-17
  -0.134814494151741E+00
   0.716706019706046E-01
   0.155403964974860E-01
  -0.383213923485422E-02
   0.172113070013297E+00
  -0.143198117451041E+00
  -0.716706019706045E-01
  -0.155403964974859E-01
   0.383213923485390E-02
  -0.172113070013297E+00
  -0.143198117451041E+00
  -0.233635967516678E-15
  -0.189290510382376E-15
  -0.817294958175216E-16
   0.151561651552552E-15
   0.365776345997162E+00
  -0.178640717744707E-15
   0.854444964520194E-16
   0.167737700663539E-15
  -0.610342144812754E-16
  -0.341834702748578E-15
   0.543150267455582E-01
  -0.899693084433630E-16
  -0.910023255504641E-16
   0.363927537029377E-01
  -0.222623863037061E-15
   0.593082744087352E-15
   0.308403512915639E+00
   0.427554758980650E-16
  -0.347516670379917E+00
   0.179868387138996E-15
  -0.185442870795766E+00
  -0.989768877438759E-01
  -0.337819335120738E-01
   0.519475825553778E-01
  -0.307028186069253E-01
   0.102975554333386E-15
   0.462269920464694E-01
   0.352625036003441E-02
   0.634242381475229E-16
   0.812202272099855E-01
  -0.218410286428578E+00
  -0.201451381528701E-15
  -0.873384637873821E-02
   0.911865038507619E-16
  -0.724863808312473E-01
   0.767208048232772E-01
   0.671620850998047E-01
  -0.152192078503675E+00
   0.203016850593582E+00
   0.228304964698147E-15
   0.707694862698095E-01
   0.927125882376773E-01
   0.201606083184340E+00
   0.204477738681535E-01
   0.235435879815432E+00
   0.707694862698095E-01
   0.927125882376770E-01
   0.201606083184340E+00
   0.204477738681534E-01
  -0.235435879815432E+00
  -0.471664255131335E-01
   0.238478085217948E-01
   0.153451166053411E+00
   0.191082682527412E+00
  -0.152662374310246E-15
   0.141375943637748E-01
   0.656119692200093E-01
   0.651889546930725E-01
  -0.229564936078488E+00
  -0.727106266574709E-01
  -0.161492641498937E-15
  -0.178783956392555E+00
  -0.917492273088537E-01
  -0.175081817359486E-15
   0.966909742283333E-01
   0.410977542596362E+00
  -0.103136629053305E-15
  -0.137360114815720E+00
   0.250941559517957E-16
   0.406691405873868E-01
  -0.208637586588330E+00
  -0.105434977782781E+00
  -0.527875511939078E-01
  -0.643245140740456E-01
  -0.800715639609998E-01
  -0.138129665689232E-15
  -0.510234364823595E-01
   0.472914285040040E-01
  -0.672816324752269E-16
  -0.148607294099590E+00
   0.271397901508931E+00
   0.156424808830931E-15
   0.837851494152797E-01
   0.126544887915320E-15
   0.648221446843103E-01
   0.549920611479316E-01
   0.966872697151434E-01
  -0.443333981465104E+00
  -0.957826270818922E-01
  -0.101945685300620E-15
   0.745074030859467E-01
   0.722897536234762E-01
   0.391371825257396E-01
   0.186887518311356E+00
   0.254277313314230E+00
   0.745074030859467E-01
   0.722897536234763E-01
   0.391371825257396E-01
   0.186887518311356E+00
  -0.254277313314231E+00
   0.919116972595801E-01
   0.340151455503548E-01
   0.526842468977666E-01
   0.639487473410812E-02
   0.336315597755703E-15
  -0.302564547183824E-01
  -0.827730361492480E-01
  -0.859148555393901E-01
   0.168208561095844E+00
   0.147643923609530E+00
   0.238508873990611E-15
   0.146922237391147E+00
   0.827549501665930E-01
   0.191440345348734E-15
   0.202504178927287E-02
  -0.275296546352488E+00
   0.221559688425892E-15
   0.660430451812297E-02
  -0.274687079840019E-15
  -0.862934630739584E-02
   0.195881026348940E-01
   0.154378149020198E-01
  -0.130722644524742E-02
  -0.380886942426612E-01
  -0.618943355458445E-01
  -0.720976520024668E-16
  -0.486194606666884E-02
  -0.156058034525410E-01
  -0.619304434591711E-16
  -0.281230828393255E-01
  -0.773421708435076E-01
   0.170993603015494E-15
   0.195028868145710E+00
  -0.987842905837390E-16
  -0.166905785306384E+00
   0.201080996236114E-01
   0.236782884139719E-02
   0.860973730215622E-01
   0.852029895715525E-01
  -0.543208243382284E-15
  -0.490182790601495E-01
  -0.146980740855903E-01
   0.347095159519155E-01
   0.277494479456138E-01
  -0.117254999091098E-02
  -0.490182790601495E-01
  -0.146980740855904E-01
   0.347095159519157E-01
   0.277494479456136E-01
   0.117254999091123E-02
   0.183250181360004E+00
   0.222463487495085E+00
   0.514597215216808E+00
  -0.330195482817392E+00
   0.153443338483874E-15
  -0.144936796959364E+00
  -0.905430286051142E-01
  -0.615681016348571E-01
  -0.107031636584893E+00
   0.926738824912262E-01
   0.568413502267630E-16
   0.455097020064730E-01
  -0.301733284132463E-02
   0.222789520973186E-16
  -0.413430406641062E+00
   0.521156438997771E-01
   0.768395826355229E-16
   0.371701571759097E+00
  -0.233646168910666E-16
   0.417288348819652E-01
  -0.761898087384815E-01
   0.232455803168594E-01
   0.132337365612781E-01
   0.712761157507075E-01
  -0.127690341236991E+00
  -0.233844806676190E-15
   0.267241146493411E-01
   0.182561980679749E-01
   0.657027798057008E-17
   0.807833275365976E-01
  -0.212347972253369E+00
   0.144882864037758E-15
   0.202207670844060E-01
  -0.114349588789722E-15
  -0.101004094621004E+00
   0.780803510126939E-01
   0.452414210522218E-01
  -0.597965225249839E-01
   0.195430214662742E+00
  -0.445941642529527E-15
   0.311335017894925E-01
   0.360694969219489E-01
   0.197342699292859E+00
  -0.175848566343923E+00
   0.103595152010243E+00
   0.311335017894919E-01
   0.360694969219484E-01
   0.197342699292858E+00
  -0.175848566343923E+00
  -0.103595152010243E+00
  -0.214998428681878E+00
  -0.179447110111722E+00
  -0.393242869323015E+00
  -0.237509145367828E+00
  -0.218003531814101E-16
   0.871325588543413E-01
   0.875672001971412E-02
  -0.760318324100717E-02
   0.743168175014856E-01
  -0.368285901521337E-02
  -0.482052579684746E-16
  -0.481709701226897E-03
   0.295186757342300E-01
  -0.702077455649859E-16
  -0.308658374630937E+00
  -0.205180791349384E+00
   0.137133033832938E-15
   0.438609239830282E+00
   0.803350482145337E-16
  -0.129950865199345E+00
  -0.241743244860684E-15
  -0.112972809920217E-15
  -0.450206339434233E-15
  -0.225168224362830E-13
  -0.376513366159449E-15
  -0.180764859012105E+00
   0.104545426855965E-13
   0.782596805662450E-15
   0.107908495094360E+00
   0.758003195853642E-14
  -0.493425870450846E-14
  -0.116379906151728E+00
  -0.190826254841939E-15
  -0.121513418321393E+00
  -0.738920570369448E-14
  -0.179484019063381E-13
  -0.187904809757283E-13
   0.595929363309716E-13
  -0.293092605907626E-13
  -0.324481755470222E-01
   0.138298415186134E+00
   0.152569916142877E+00
   0.272479912023107E+00
   0.157812409944703E+00
   0.437710937783902E+00
  -0.138298415186116E+00
  -0.152569916142858E+00
  -0.272479912023092E+00
  -0.157812409944674E+00
   0.437710937783839E+00
   0.238663301232169E-16
  -0.565240170866046E-15
  -0.456418475544358E-14
  -0.602883129440779E-15
   0.134771189714079E+00
   0.746925948063491E-15
  -0.128011674340948E-14
  -0.124420721923681E-14
   0.134103221851361E-15
   0.157061215419638E-14
  -0.144299701243748E+00
  -0.198982622982430E-14
   0.157125827250215E-14
  -0.120983924666564E+00
   0.557353089323243E-14
  -0.108740539690916E-13
   0.322140303008580E+00
   0.992534502221375E-15
   0.549767197969738E-01
  -0.656606539545381E-14
   0.507388879602454E-02
   0.943253744963296E-03
   0.186240601007604E-02
   0.225978862255848E+00
   0.489288348322699E-02
  -0.181120205901507E-13
  -0.106058817439153E+00
  -0.732005265669825E-02
   0.107787085079196E-13
  -0.783257794867706E-01
   0.512160234987326E-01
  -0.113739059722539E-13
   0.761919116394552E-03
  -0.119445928066065E-13
   0.775638603703761E-01
   0.180409650949951E+00
   0.188363748459319E+00
  -0.600459728089554E+00
   0.294179869656703E+00
  -0.388976847958696E-14
  -0.938602099110995E-01
  -0.960385591157127E-01
  -0.767822115157347E-01
  -0.141585831903826E+00
  -0.321200382690282E+00
  -0.938602099111274E-01
  -0.960385591157429E-01
  -0.767822115157885E-01
  -0.141585831903858E+00
   0.321200382690369E+00
   0.275732940658618E-02
   0.874937544554385E-02
   0.502067935870705E-01
   0.799739276536376E-02
   0.133993175863047E-13
  -0.116505107800094E-01
   0.124501509061240E-01
   0.133879055423373E-01
  -0.453070687236328E-03
  -0.143586531361043E-01
  -0.140834616041475E-13
   0.182255017447515E-01
  -0.157690960436821E-01
  -0.116903544113303E-13
  -0.500857858832743E-01
   0.109023975947338E+00
   0.316609778238063E-13
  -0.168060464931366E-01
   0.530931665957455E-14
   0.668918323764109E-01
   0.150443901235683E-15
   0.163189216339964E-15
  -0.337523125726643E-15
   0.885175932795838E-16
   0.179752183250251E-15
  -0.149580841507029E+00
   0.502667482158143E-17
  -0.265322507344905E-15
   0.226730869918104E-01
   0.235739200885565E-16
  -0.329884567652015E-16
   0.219698351515364E-01
   0.455497760971413E-17
   0.125245717130240E+00
  -0.281288976982707E-16
  -0.196159190619475E-15
   0.433216847155717E-16
   0.445816170745276E-15
  -0.342568410728611E-15
  -0.176261685962837E+00
   0.757991214260059E-01
   0.636698860645416E-01
   0.152605786980061E+00
   0.272709715339763E+00
   0.908427637542073E-01
  -0.757991214260058E-01
  -0.636698860645415E-01
  -0.152605786980061E+00
  -0.272709715339763E+00
   0.908427637542072E-01
   0.772845403904226E-16
   0.133477749446035E-16
  -0.928079486557779E-16
   0.394064431452422E-16
  -0.204407863953813E+00
  -0.542594152131922E-15
  -0.436884433719491E-16
   0.681497180804151E-16
  -0.111217323310264E-15
  -0.239141300884479E-16
   0.250631982024582E+00
   0.755231078909949E-16
   0.661238391006080E-16
   0.189933011964165E+00
   0.411653258464257E-15
   0.194050848602042E-16
  -0.640831834091986E+00
  -0.188959734301735E-15
  -0.244754284848105E+00
  -0.222693524162522E-15
   0.660022646929738E-02
   0.259642000844614E-01
   0.515360177449913E-02
   0.244391688132878E-01
  -0.421478478784834E-01
  -0.114917092089636E-15
   0.982743425956744E-03
   0.128528226586413E-01
  -0.139971468382099E-15
  -0.376653325323709E-01
   0.175811057874460E-01
  -0.464205079597252E-16
   0.177624804598915E-01
   0.719777627714179E-16
   0.199028520724794E-01
  -0.120349391242266E-01
   0.262414472412874E-02
  -0.544220817267509E-01
  -0.428589515084570E-01
   0.248990548210292E-15
   0.802794047298755E-02
  -0.105166625799430E-02
  -0.530655917619609E-01
  -0.283195242420898E-01
   0.992561702193300E-03
   0.802794047298784E-02
  -0.105166625799398E-02
  -0.530655917619611E-01
  -0.283195242420897E-01
  -0.992561702193897E-03
   0.461842469180543E-01
   0.277058444152495E-02
  -0.280674754430442E-02
   0.310136150577523E-01
   0.308373550359571E-15
  -0.439250923955595E+00
   0.145583347773617E-01
  -0.636328246509340E-01
  -0.415544860440024E-01
  -0.543420657517356E-01
   0.174023995356752E-15
  -0.332569624290236E-01
  -0.391960743731441E-01
   0.154306610667714E-15
   0.467722899183044E+00
   0.105856063491965E+00
   0.323094058186712E-15
   0.399507715948249E+00
   0.290900145881753E-15
  -0.867230615131293E+00
  -0.172729859210459E-01
  -0.210748984926337E-01
  -0.673911174034170E-02
   0.891822557013384E-02
   0.223561667009183E-01
   0.240064537936575E-15
   0.875292401453795E-02
  -0.938348962047592E-02
   0.469694209402610E-16
   0.151974749714935E-01
  -0.558113025030696E-01
  -0.446569449548799E-15
   0.181232720500308E-01
   0.184421652876485E-15
  -0.333207470215243E-01
   0.228077340413185E-02
  -0.267814720884177E-02
   0.942469366439062E-01
   0.263029848632122E+00
  -0.232771377678576E-15
  -0.107158022472307E-01
  -0.219004914508649E-03
   0.886182737894038E-01
  -0.575300845323820E-01
   0.869636243969259E-02
  -0.107158022472303E-01
  -0.219004914508382E-03
   0.886182737894051E-01
  -0.575300845323829E-01
  -0.869636243969320E-02
  -0.693471376125634E-02
  -0.123830596463354E-01
  -0.596622230197320E-01
  -0.309604487416740E-01
   0.147956520259088E-15
  -0.752630435687830E+00
   0.173362065927307E+00
   0.529631996341862E-02
  -0.553921321862843E-01
   0.742290457194538E-01
   0.144522603317436E-15
  -0.437880066496146E-01
   0.487682366683862E-01
   0.589321715582926E-16
   0.638458805672280E-01
  -0.340256506506872E+00
   0.337090278629453E-15
  -0.384122115507903E+00
   0.856676901237966E-15
   0.320276234940675E+00
   0.832380820422471E+00
  -0.229744492143151E+00
   0.118479552849359E-02
   0.732426664723570E-02
  -0.302428262509572E-01
   0.202642377884912E-15
   0.311971344925823E-02
   0.919342525760583E-02
  -0.464439656375777E-16
  -0.169378235143924E-01
  -0.225728058949062E-01
  -0.129246148532686E-15
   0.467646063292747E-01
  -0.275450544664979E-15
  -0.298267828148823E-01
   0.348223832076890E-01
   0.445797467678021E-01
  -0.849034768359220E-01
   0.209911282951091E+00
   0.875118473340063E-15
   0.208093846175680E-01
   0.378545191206620E-01
   0.100822677356437E+00
  -0.202453243806175E-01
   0.116398197055890E+00
   0.208093846175678E-01
   0.378545191206618E-01
   0.100822677356437E+00
  -0.202453243806121E-01
  -0.116398197055889E+00
   0.708557252178525E-01
   0.520404000658694E-01
   0.771501315399590E-01
  -0.489809468292714E-01
  -0.396175584672422E-16
   0.188088678586830E+00
  -0.676852965330222E-01
  -0.144913170227957E-01
  -0.910679496363199E-01
   0.484542752120345E-01
  -0.881524803775141E-15
  -0.322354223268450E-01
   0.233215155118415E-01
  -0.405684452586839E-15
   0.245490020682106E+00
  -0.202865710432342E+00
  -0.627939587325697E-15
  -0.124172425122922E+00
  -0.525051893968085E-14
  -0.121317595559184E+00
   0.716118552976947E-13
  -0.149786622749011E-13
   0.281096783341893E-14
  -0.157567939832049E-14
  -0.700203306833780E-14
  -0.747709787977125E-02
  -0.820703062846948E-15
   0.226002233336842E-14
  -0.143704408091738E-01
  -0.124331916302965E-14
   0.627036107857608E-14
   0.386288509598875E-01
  -0.130261402605321E-14
   0.698121390057600E-01
   0.254593318908286E-14
   0.138424704493949E-14
   0.310005373222910E-14
  -0.254869595876804E-13
  -0.471694944496151E-13
  -0.138526867764224E+00
   0.143364398127909E-01
   0.540198482306576E-03
  -0.206956213520206E-01
   0.383544580571091E+00
  -0.173835798338297E+00
  -0.143364398127788E-01
  -0.540198482296210E-03
   0.206956213520120E-01
  -0.383544580571052E+00
  -0.173835798338316E+00
  -0.228163538893958E-13
  -0.160311277666850E-13
  -0.276131511567273E-13
   0.162263591124145E-13
  -0.830845814354076E-02
  -0.544857573328460E-13
   0.195369853228608E-13
   0.377891818552731E-14
   0.269928489592492E-13
  -0.181115312255912E-13
   0.114291521911425E+00
   0.808880088514591E-14
  -0.750981925284669E-14
   0.632757090824720E-01
  -0.680073590791000E-13
   0.610168973840786E-13
   0.892824549267725E-01
   0.320191179453480E-13
   0.790520594404813E+00
   0.359882411337520E-13
  -0.431800208288767E+00
   0.875612998258148E-01
  -0.181716226151036E-01
   0.949254883046196E-02
   0.453620314761797E-01
  -0.111933618300439E-14
   0.530326054357356E-02
  -0.149508709869782E-01
  -0.250974979156387E-14
   0.874354097797127E-02
  -0.380906901952382E-01
   0.586282545090924E-14
   0.828328495398334E-02
   0.110760684389686E-13
  -0.170268259319546E-01
  -0.852283401036088E-02
  -0.176090809851001E-01
   0.164601747072483E+00
   0.318481648744180E+00
  -0.212070308938014E-13
  -0.387691573048010E-01
  -0.318876742013320E-01
   0.317257655695056E-01
  -0.129519870716959E+00
  -0.563039489115645E-01
  -0.387691573048058E-01
  -0.318876742013322E-01
   0.317257655695119E-01
  -0.129519870717077E+00
   0.563039489115111E-01
   0.151577724703911E+00
   0.107573549005098E+00
   0.187149854741678E+00
  -0.970457470918598E-01
  -0.118189194051968E-14
   0.371385438599534E+00
  -0.132318715868991E+00
  -0.247138537640923E-01
  -0.180279395152672E+00
   0.115949376544108E+00
   0.174660138803231E-13
  -0.542298971240981E-01
   0.483403073369361E-01
   0.975774390135746E-14
   0.450324189615183E+00
  -0.410103650019817E+00
   0.137612045801167E-13
  -0.208333938401548E+00
   0.120578696687268E-12
  -0.241990251213635E+00
   0.358012718604334E-16
  -0.982784559502039E-16
   0.910357272677635E-16
  -0.820189737889526E-16
   0.182781082128985E-15
   0.185449113084850E-03
   0.462387641577090E-16
  -0.102547222852102E-15
   0.274374447478106E-04
  -0.304623535620058E-15
   0.320797694883319E-16
   0.107125011974484E-03
   0.392039032404609E-15
  -0.721555582828150E-07
  -0.874154967845508E-16
   0.581749266741862E-16
   0.322512312594906E-15
  -0.311814328299875E-15
   0.207677870322396E-15
   0.602389275140425E+00
   0.103400286287231E-03
   0.247523058137517E-04
   0.521917281595143E+00
  -0.974768948813338E-04
  -0.301526949134297E+00
  -0.103400286287264E-03
  -0.247523058140948E-04
  -0.521917281595143E+00
   0.974768948808859E-04
  -0.301526949134296E+00
   0.122621458900618E-15
   0.793949873654369E-16
   0.469000294159296E-15
  -0.139335358763007E-15
   0.979975977507553E-03
  -0.345005793342399E-15
   0.192271545591864E-15
  -0.131518140456704E-15
  -0.217508247146385E-15
  -0.105936510957742E-16
  -0.573044790212256E-03
   0.195594364020960E-15
  -0.333250839130821E-16
  -0.409332878018041E-03
  -0.483730041474326E-15
  -0.119951873885457E-15
  -0.369625416467687E-02
  -0.232808042468535E-15
   0.906397620475495E-03
   0.716538083942861E-15
   0.284325500683213E-01
  -0.343279186824624E-01
  -0.732415796165843E-02
  -0.127388351725951E+00
   0.614692416059392E-01
  -0.114831169579016E-15
  -0.438101352142893E-02
  -0.221778477255313E-01
  -0.622725512300387E-16
   0.224102687531476E-01
   0.251926561598512E+00
   0.337994687874164E-15
  -0.132041348592017E+00
  -0.106578211165147E-15
   0.109631079838869E+00
   0.213905871756937E-01
   0.275948222060127E-01
   0.142802032213287E+00
   0.220745227139235E+00
   0.713875148507092E-15
  -0.601154309692954E-03
  -0.283983276859351E-02
   0.597541192070020E-01
  -0.115234360324978E+00
  -0.116873476455702E-01
  -0.601154309692865E-03
  -0.283983276859316E-02
   0.597541192070021E-01
  -0.115234360324977E+00
   0.116873476455720E-01
   0.381201370354174E-02
   0.189533656735195E-01
   0.264337488808126E+00
   0.929401465625511E+00
  -0.589062139196799E-15
  -0.133798105939109E-02
   0.133663441491196E-01
   0.152357699738400E-01
  -0.296693591134337E-01
  -0.346806972136982E+00
   0.135457262942133E-15
  -0.393844880208374E-01
  -0.112795737442389E+00
  -0.302585160524116E-16
  -0.439820003798634E+00
  -0.408789230856534E+00
  -0.193075241297960E-15
   0.474844053078273E+00
  -0.254608035199112E-14
  -0.350240492796389E-01
   0.383484526715874E-16
   0.202818856913370E-15
   0.586664742415907E-16
  -0.139534361990085E-15
  -0.170039638425651E-15
   0.943437067356662E-01
   0.206873610150641E-15
   0.525126249096006E-16
   0.499147309344847E-01
   0.157156520770496E-15
   0.236586700857941E-15
  -0.100303567764403E+00
  -0.635053537991077E-16
  -0.218169360344959E+00
  -0.936511669713879E-16
  -0.802145389227227E-16
   0.308803854893633E-15
  -0.133897484200926E-16
   0.528759631047982E-16
  -0.130922214257498E+00
  -0.350169944577108E-01
  -0.838774004592349E-03
   0.131872757740632E-01
   0.181904403887344E+00
  -0.114581718127304E+00
   0.350169944577109E-01
   0.838774004592049E-03
  -0.131872757740631E-01
  -0.181904403887344E+00
  -0.114581718127304E+00
   0.123982603170756E-15
  -0.906198090483471E-16
  -0.186891891952024E-15
  -0.425959578808586E-15
  -0.933690173882025E+00
   0.150050106818593E-15
   0.865555696340221E-16
  -0.155379205931770E-15
   0.238950158491933E-15
   0.179387202036422E-15
   0.285398625144546E+00
   0.419354934796419E-16
  -0.160890045261312E-15
   0.135710552647274E+00
   0.331820502998099E-15
   0.437746009183435E-15
   0.677129627280297E+00
  -0.257952942820625E-15
  -0.360332318315340E+00
  -0.738675601774747E-16
  -0.449617686259429E-02
   0.442081127071423E-02
  -0.340601431548185E-02
  -0.442989993480980E+00
  -0.290454667613021E-02
   0.373297741294309E-14
  -0.164742065825079E+00
   0.162613563012601E-01
   0.912304098776966E-15
  -0.396124248144062E+00
   0.679259485965637E+00
  -0.324471289620623E-14
   0.332905512625855E-01
  -0.694318482884964E-14
   0.362833696881477E+00
  -0.679223376259796E-01
   0.609923858821499E-01
   0.294207082419172E+00
   0.359702705355851E+00
  -0.369804091887492E-14
   0.292383535767702E-01
  -0.341578730011255E-01
   0.442153975724598E+00
  -0.195651184336730E+00
  -0.722534104987605E-01
   0.292383535767718E-01
  -0.341578730011269E-01
   0.442153975724597E+00
  -0.195651184336737E+00
   0.722534104987549E-01
   0.765802297933826E-01
   0.414916578941903E-03
  -0.816195914014534E-01
  -0.161860161169599E+00
   0.364456416562712E-14
  -0.407001054875597E-02
  -0.410159279284778E-01
  -0.321085476336917E-01
   0.381158099802281E+00
   0.891367245466584E-01
  -0.486696930031517E-14
   0.658598314271874E-01
   0.198257460251731E-01
  -0.139980924307104E-14
   0.791438429567852E-01
   0.499958544981937E+00
  -0.214542785266246E-14
  -0.619318095995761E-01
  -0.309057687814373E-14
  -0.172120333572091E-01
   0.179374134870914E-15
   0.803079897594469E-16
   0.330798909331977E-15
   0.389358324590277E-14
  -0.908371672784997E-15
   0.451157087100664E+00
   0.181525090239147E-14
   0.102909544352005E-15
   0.151109611286712E+00
   0.482449302727688E-14
  -0.601346855357333E-14
  -0.434298130071420E+00
  -0.164602606329041E-14
  -0.672055603145114E+00
  -0.317846696398647E-14
   0.407824429189058E-16
   0.330281889776475E-16
  -0.266806180977624E-14
  -0.227059783218140E-14
  -0.470232313258766E+00
  -0.446187373768508E-01
   0.621947113447563E-01
   0.754918566901448E-01
   0.298311200083993E+00
  -0.337410181536380E+00
   0.446187373768508E-01
  -0.621947113447565E-01
  -0.754918566901537E-01
  -0.298311200083988E+00
  -0.337410181536381E+00
  -0.901455854561162E-15
  -0.352984033801366E-15
   0.102578792886190E-14
   0.195245637706407E-14
   0.349453375972345E+00
   0.361280446145643E-15
   0.917753188794902E-15
   0.290903580956567E-15
  -0.368082037990654E-14
  -0.522113825821574E-15
  -0.548965699692883E+00
  -0.389494622773926E-15
  -0.660396332956692E-15
  -0.114808447338772E+00
  -0.660047544103493E-15
  -0.459211853299020E-14
  -0.160034403029702E+00
   0.868271487322928E-15
  -0.316885926666471E+00
  -0.208223943219435E-15
   0.939036308531047E-02
   0.670199926732905E-01
   0.499425388576530E-01
   0.758180145865865E-02
  -0.626131438224231E+00
  -0.544829840566108E-15
  -0.139353944565592E-01
  -0.226143457825417E+00
  -0.521781056632006E-16
   0.361347695103361E+00
  -0.325400938989990E-01
  -0.347312689832835E-15
  -0.775199285737824E+00
   0.155383001283169E-14
   0.413851590634462E+00
   0.130780234292192E-01
  -0.267645579606373E-01
   0.153646813715982E+00
   0.623998978727890E+00
  -0.209161714667809E-15
   0.318369778819307E-01
  -0.262984295456229E-01
  -0.555448827297848E-01
   0.658970749303192E+00
  -0.149687345251701E+00
   0.318369778819312E-01
  -0.262984295456246E-01
  -0.555448827297856E-01
   0.658970749303195E+00
   0.149687345251701E+00
  -0.495158148437359E-01
  -0.157458998291700E-01
  -0.753908574413006E-01
  -0.847513026172648E-01
  -0.536066696561983E-15
  -0.869095346417862E-02
  -0.139550878252092E+00
  -0.344966432194103E-01
   0.620233037290527E-01
  -0.802948912617611E-01
   0.107661274223572E-14
  -0.276858259680868E-01
   0.163370201169766E+00
  -0.396640112023333E-16
  -0.330922333299731E-01
   0.325767480070146E-01
   0.214446311585024E-15
   0.100151899769496E+00
   0.699462683649651E-15
  -0.670596664395225E-01
  -0.273223868981978E-15
   0.707452545705504E-15
   0.839264258105942E-15
   0.449809861320025E-13
  -0.850642845688857E-14
  -0.165364941140869E+00
   0.948717767411248E-14
   0.513147346271102E-14
  -0.546394554213952E-01
   0.196820082000802E-12
   0.183031744611284E-12
   0.945350722425388E+00
  -0.821154019527063E-14
  -0.811576533297203E+00
  -0.188608541805532E-12
   0.289359350346142E-14
  -0.154460204334030E-13
   0.268240401318313E-13
   0.127995994951883E-12
   0.809147588155382E+00
   0.173700372557318E-01
  -0.447352344531904E-01
  -0.401258013598459E+00
   0.463891166899512E+00
   0.114174719848072E+00
  -0.173700372557338E-01
   0.447352344531995E-01
   0.401258013598187E+00
  -0.463891166899624E+00
   0.114174719847887E+00
  -0.135015459214928E-14
   0.406649887087035E-14
  -0.226846443675963E-13
  -0.214748295871364E-13
   0.610908893557134E-01
  -0.659296329443027E-15
  -0.207192825422773E-14
  -0.406157815632322E-14
   0.362283759505511E-13
   0.114913153040442E-13
  -0.157444956030671E+00
  -0.875542612339616E-15
   0.514360621925863E-14
  -0.400774825264528E-01
  -0.935763477949688E-14
   0.624835925479898E-13
  -0.896907412804429E-01
  -0.455434240209479E-14
  -0.220052216353470E+00
   0.139119771815917E-13
   0.234457577069894E-03
  -0.563594565016596E-02
   0.378948503359056E-02
  -0.188064741581634E+00
   0.283846863494879E-01
  -0.383716761295885E-13
  -0.395596193915752E-01
  -0.225323856656997E-01
  -0.137177795675599E-13
  -0.841415357300819E+00
  -0.790026213272374E+00
   0.220774837519638E-12
   0.342415458075758E-01
  -0.190178709963139E-12
   0.807173811493243E+00
  -0.973380757771845E-02
   0.648598778576499E-01
  -0.114702755788046E+00
  -0.547943353268947E+00
   0.189205263446191E-12
   0.290005143219770E-02
  -0.202136988184997E-01
   0.580322264497363E+00
   0.243492561478604E+00
  -0.398766469526414E+00
   0.290005143218878E-02
  -0.202136988184791E-01
   0.580322264497552E+00
   0.243492561478387E+00
   0.398766469526467E+00
   0.457900700535434E-02
  -0.206207803388393E-01
   0.988942161458004E-01
   0.893470337759912E-01
   0.141883231892611E-13
   0.333238000881022E-02
   0.649140638140495E-02
   0.174592287448699E-01
  -0.156709027300762E+00
  -0.600520810374357E-01
  -0.370859210209937E-13
   0.536079920985552E-02
  -0.155580275089198E-01
  -0.926501362593616E-14
   0.416388629042724E-01
  -0.271691994392119E+00
  -0.212555283550297E-13
   0.181064016161677E-01
  -0.516799181476431E-13
  -0.597452645204401E-01
   0.506653386151421E-02
   0.381764719601724E+00
   0.218470429388886E+00
   0.419293347789057E-01
  -0.697789913425766E+00
   0.129718794387142E-14
  -0.268066299019684E-01
  -0.257967559434808E+00
  -0.864679896350003E-15
  -0.415635291071143E+00
  -0.131677478015132E-01
  -0.167538505127667E-14
   0.870268887242708E+00
   0.107061420815435E-14
  -0.454633596171565E+00
  -0.118636034201411E+00
   0.144400340718210E+00
   0.352776412749023E-02
  -0.412929398609826E-01
  -0.198809899709294E-14
  -0.874086478972812E-01
   0.147990155647000E+00
  -0.125090485226939E-01
  -0.442583840352103E-01
   0.388361951716489E-02
  -0.874086478972807E-01
   0.147990155646999E+00
  -0.125090485226952E-01
  -0.442583840352090E-01
  -0.388361951716499E-02
  -0.126261948349225E+00
   0.802916964906560E-01
  -0.643936871984360E-01
   0.182078952814892E-01
   0.147654311522915E-15
  -0.957331610359278E-01
  -0.806171671668997E+00
  -0.326380034351401E+00
   0.167165721841601E+00
  -0.116496294691223E+01
  -0.116927669064002E-14
  -0.151919642110921E+00
   0.265011605021823E+00
   0.128484634323195E-14
   0.201565140288438E+00
  -0.948801138595676E-02
  -0.782535343005658E-16
  -0.395245280054743E+00
   0.166084864845359E-15
   0.193680139766305E+00
  -0.374805135774437E-01
  -0.288463393425243E+00
  -0.107758650555030E+00
  -0.571310412908376E-01
   0.166882394848500E+00
  -0.224682670382002E-14
   0.158119472509261E-01
  -0.375824648180165E+00
   0.316783808148488E-15
  -0.442547846240263E-01
  -0.103068934981263E+00
   0.121135723615227E-14
   0.514257312094667E-01
  -0.122447408459089E-14
  -0.717094658544034E-02
  -0.334817104003089E-01
   0.948476368082102E-01
   0.301175136417565E-01
   0.200397635296723E-02
   0.134730858478276E-14
  -0.523410439711742E-01
   0.205161020111045E+00
  -0.651627216745914E-01
   0.861815785682923E-02
  -0.128923155468483E+00
  -0.523410439711739E-01
   0.205161020111043E+00
  -0.651627216745900E-01
   0.861815785682874E-02
   0.128923155468481E+00
  -0.267652994213241E-01
   0.114375247666328E+01
  -0.805791503543922E+00
   0.337639984231734E+00
  -0.127956707004936E-15
  -0.149571083141592E+00
  -0.909774794430190E+00
  -0.382633858319233E+00
  -0.145673757318689E-01
   0.777647552975295E+00
  -0.212728958479410E-14
  -0.676876291605694E+00
  -0.545047065137548E+00
   0.184908116893755E-14
  -0.216727769932386E+00
   0.700307834671153E-01
  -0.268127555572357E-15
   0.129872268319138E+00
  -0.377583427480145E-15
   0.868555016132481E-01
   0.593905587948804E-15
   0.262532019997563E-14
  -0.140342934318677E-14
   0.360623718057013E-14
   0.996664484690955E-15
  -0.736790933297950E+00
  -0.120187161747190E-14
  -0.411074045868793E-15
   0.512570655871910E+00
  -0.141066599352554E-15
   0.849695607354934E-16
   0.658611338142059E-01
  -0.639121216339369E-15
   0.275850289198991E+00
   0.780187815691923E-15
   0.387021448410578E-15
   0.207546454080201E-14
   0.121353087763938E-14
  -0.805160952850340E-16
   0.181422139661115E-01
  -0.242612313291504E+00
   0.114443257965492E+00
  -0.534867005720438E-01
  -0.703400090791715E-01
  -0.753656241252425E-01
   0.242612313291507E+00
  -0.114443257965497E+00
   0.534867005720454E-01
   0.703400090791721E-01
  -0.753656241252448E-01
   0.276325269358079E-15
  -0.319605800300223E-14
   0.329498890256441E-14
  -0.601839118139529E-15
  -0.262915904825845E+00
   0.125693635611002E-15
   0.960022130339402E-15
   0.317482776384063E-14
   0.436727984550435E-14
   0.226704930637103E-15
  -0.137769363800376E+01
  -0.279263265400849E-14
  -0.970706321156988E-15
   0.160882728651023E+01
   0.340749461941378E-15
  -0.634622128053773E-15
   0.927540304098003E-01
  -0.524890937815129E-16
   0.760699674572379E-01
  -0.288260368159865E-15
  -0.534332526096952E-02
   0.162367191368508E-01
  -0.389073666895978E-01
  -0.850523271679111E+00
  -0.956986759666773E-01
   0.772469303187284E-15
   0.556387674169155E+00
   0.303420705896923E+00
   0.158108955775375E-14
   0.806062613646874E-02
   0.190298385366778E+00
   0.101574513114992E-14
  -0.254770568292296E-01
   0.232237487487633E-14
   0.174164306927609E-01
   0.215416633401747E+00
  -0.327883565122815E+00
  -0.229710520261619E+00
   0.112241412876372E+00
   0.142798955490206E-15
  -0.185101980035814E+00
   0.107748101629834E+00
  -0.471130201074786E-01
  -0.541310146208577E-01
  -0.715296953558807E-01
  -0.185101980035810E+00
   0.107748101629837E+00
  -0.471130201074802E-01
  -0.541310146208578E-01
   0.715296953558837E-01
   0.738700990030693E-01
   0.351919386869996E+00
  -0.684090262423943E+00
   0.923424509256904E-01
  -0.143802709873938E-14
  -0.303369655647789E-01
  -0.101122910713029E+00
  -0.274392547693219E+00
  -0.147820348892627E+01
  -0.160467694359980E+00
  -0.563616988319720E-14
   0.121868551353623E+01
   0.444316995838453E+00
   0.704145578207605E-14
  -0.107648564186393E+00
   0.210908359986524E+00
   0.446047710879024E-15
   0.270896206689695E-01
   0.145545759657251E-15
   0.805589435174233E-01
   0.155718552954456E+00
   0.813270982091316E+00
   0.442972828300891E+00
  -0.624751889901651E-01
   0.141777462189114E+01
   0.840308274950569E-14
   0.124911872646986E-01
  -0.125342630363724E+01
  -0.288634655640154E-14
   0.291014358766667E-01
  -0.213193973736452E-01
   0.657726476721646E-15
  -0.264012816682075E-01
   0.113369048443049E-14
  -0.270015420845913E-02
   0.334707520761093E+00
  -0.790096848869677E+00
  -0.427673702447893E+00
   0.227974441831247E+00
  -0.410590903506251E-15
   0.331821626019557E+00
  -0.691938028009815E+00
   0.181221687454293E+00
   0.212019196181686E+00
   0.321813929535630E+00
   0.331821626019553E+00
  -0.691938028009800E+00
   0.181221687454290E+00
   0.212019196181684E+00
  -0.321813929535624E+00
   0.545540527576252E-02
   0.179364318169342E+00
  -0.128607394174327E+00
  -0.948594092976906E-01
  -0.860150555648281E-16
  -0.527109446793269E-01
  -0.252545944014758E+00
  -0.927409396877188E-01
   0.126336858798717E-01
  -0.308595277777366E+00
  -0.145814404246359E-14
  -0.933169217270200E-01
   0.542590390521453E+00
   0.217319259909197E-14
  -0.627662727880747E-01
   0.478715041382350E-01
   0.336934248383284E-16
   0.118404065576057E+00
   0.180866521095231E-15
  -0.556377927879824E-01
   0.268884991459058E-14
   0.137977417589119E-13
  -0.114530700915392E-15
  -0.133107616686548E-13
   0.486728707746895E-14
  -0.163329927421369E+01
   0.104308986615806E-13
  -0.581582396074647E-14
   0.884354060480298E+00
   0.177641538855288E-16
  -0.101813202824050E-14
  -0.272411520742266E+00
   0.255396469122708E-14
  -0.339603047377932E+00
  -0.257172884511261E-14
   0.446358436195513E-14
  -0.105977161024939E-13
  -0.838323768631779E-14
   0.204111158971559E-14
  -0.406664579494013E-01
  -0.160513934573136E+00
   0.106867188269220E+01
  -0.323490738183968E+00
  -0.212039143202014E+00
  -0.600619122410283E+00
   0.160513934573138E+00
  -0.106867188269220E+01
   0.323490738183968E+00
   0.212039143202013E+00
  -0.600619122410285E+00
   0.218436715014738E-15
  -0.566977745524877E-14
   0.175201788796056E-14
  -0.170381575796304E-15
   0.957246243122330E-01
  -0.701304907842085E-15
  -0.470775961085639E-14
   0.496919884968948E-14
  -0.919026377571443E-17
  -0.228593952895150E-15
   0.514547927299389E+00
   0.344929433040406E-15
  -0.457623829607530E-14
  -0.796646512665110E+00
   0.500999161019142E-15
  -0.802697199569211E-15
  -0.325216410883377E-01
  -0.866710646660330E-15
  -0.401180352150771E-01
   0.365711485641188E-15
  -0.206188361708636E-01
  -0.109304944410449E+00
  -0.323406034226819E-01
   0.155015357507978E+01
   0.140665450297632E+00
  -0.942290789036086E-14
  -0.840062653335109E+00
  -0.137093170949921E+00
   0.542571922088910E-14
  -0.227209843332721E+00
   0.329434031067509E+00
  -0.202518900545887E-14
  -0.496194517893221E-02
  -0.272555933425149E-14
   0.232171788511654E+00
  -0.198336802042075E+00
   0.122544811741983E+01
   0.757816892170989E+00
  -0.215250656342299E+00
  -0.769461086931356E-15
   0.568898698582163E-01
  -0.538680131436946E+00
   0.210079058916292E+00
   0.125756541533229E+00
   0.297472383297599E+00
   0.568898698582185E-01
  -0.538680131436961E+00
   0.210079058916297E+00
   0.125756541533231E+00
  -0.297472383297607E+00
   0.259829934813278E+00
   0.923604327939582E-01
  -0.406092515794936E+00
   0.134462897410576E+00
   0.709714203259927E-15
  -0.468318190384910E-01
  -0.237435042783378E+00
  -0.159628607796131E+00
  -0.803581477193349E+00
   0.307993751144556E-02
   0.462528687502800E-14
   0.756867582381964E+00
   0.165195139296047E+00
  -0.673669568364198E-14
  -0.125268680158090E+00
   0.121623386332440E+00
  -0.483532333468995E-15
   0.765468325503096E-01
  -0.513360112268620E-15
   0.487218476077802E-01
  -0.279222113523961E+00
  -0.144251575188595E+01
  -0.446788631102529E+00
  -0.826516528359673E-01
   0.996097124049263E+00
  -0.738762032499340E-14
  -0.548378551912417E-01
  -0.944301925394520E+00
   0.232554417279921E-14
   0.145913591284257E+00
  -0.547976165613555E-01
  -0.316405434919519E-14
  -0.196859630256784E+00
  -0.144094237489457E-14
   0.509460389725271E-01
  -0.351974435005182E+00
   0.615394885153702E+00
   0.149704160393868E+00
   0.452029024258592E-01
  -0.830727720315835E-15
  -0.297738548082985E+00
   0.840574022248987E+00
  -0.132238669912400E+00
   0.169357341404670E-01
  -0.220737054595232E+00
  -0.297738548082985E+00
   0.840574022248974E+00
  -0.132238669912397E+00
   0.169357341404700E-01
   0.220737054595225E+00
  -0.711791524825237E-01
   0.153061345276716E+00
   0.234605156042585E-01
  -0.349794507008409E+00
  -0.379883351410036E-15
   0.630026616049880E-01
   0.447878506693428E+00
  -0.177808608415352E+00
   0.189349969909642E+00
  -0.680285435975446E+00
  -0.144285066445280E-16
  -0.139138655748509E+00
   0.146401455379462E+01
  -0.545930500469158E-15
  -0.676699735573261E-01
   0.649551657099638E-01
  -0.576735714353643E-16
   0.240194359653168E+00
  -0.281554375187701E-15
  -0.172524386095841E+00
  -0.675245363413852E-01
  -0.383205691066403E+00
  -0.855172815561227E-01
  -0.375884437439377E+00
   0.506805669140969E-01
   0.654189342891629E-14
  -0.208431672270710E-01
  -0.194630250315910E+01
  -0.222697472292831E-16
  -0.616674499762460E-01
   0.279691960249132E-01
   0.228583389695934E-14
   0.438124356795724E+00
   0.177465357482289E-14
  -0.376456906819478E+00
   0.101798178124136E+00
   0.241414536604186E+00
   0.111666960715730E+00
   0.149852763517883E+00
   0.640005446796211E-16
   0.442566331754688E+00
   0.571436684620470E+00
  -0.170816816209115E+00
   0.345126582505910E-02
  -0.286750594150873E+00
   0.442566331754691E+00
   0.571436684620480E+00
  -0.170816816209117E+00
   0.345126582505668E-02
   0.286750594150879E+00
   0.928557731301369E-01
  -0.176993649247213E+01
   0.235808042384465E+00
  -0.415275815587780E-01
   0.463735588367468E-15
  -0.143606357269346E+00
  -0.783449785205989E+00
   0.390882593549138E+00
  -0.408081596988907E+00
   0.463647656477378E+00
  -0.152033428782891E-14
   0.107090567623093E+01
  -0.150706829855687E+01
   0.189218728281700E-14
   0.941244524061282E-01
  -0.219578954999922E-01
  -0.934820546718612E-18
  -0.101969965500008E+00
   0.207528472522818E-15
   0.784551309388020E-02
   0.143854697115450E+00
   0.828086285751631E+00
   0.548560811688136E+00
  -0.863928031485257E-01
   0.464080520401428E+00
  -0.145324240582038E-13
  -0.201207455732228E+01
   0.619596574917928E+00
  -0.231685967610338E-12
   0.651263179526072E+00
  -0.419952281049356E+00
  -0.542975717378534E-13
  -0.476219932594556E+00
  -0.332173879726142E-13
  -0.175043246931516E+00
  -0.222715752818136E+01
  -0.861325753963722E+00
  -0.796274201304843E+00
   0.282710727739826E+00
   0.203863162007071E-13
  -0.480549867074456E+00
   0.828449797012937E+00
   0.209807823572311E+00
  -0.339835598045160E-01
   0.519672610214588E-01
  -0.480549867074694E+00
   0.828449797012745E+00
   0.209807823572367E+00
  -0.339835598044778E-01
  -0.519672610215137E-01
   0.167560377204032E+01
  -0.752526002319698E+00
  -0.431659825561712E+00
   0.266025779878489E+00
  -0.105221910529771E-13
  -0.135984552939776E+00
  -0.688607606091597E+00
   0.455816513073030E+00
  -0.343468847587597E+00
   0.166664277441458E+00
  -0.255077686088563E-13
  -0.145849766546493E+00
   0.303255311529765E+00
   0.699723297956693E-13
  -0.345190491878889E+00
   0.143504600176127E+00
   0.374589994064339E-14
   0.218374052838864E+00
   0.292487099028321E-14
   0.126816439040025E+00
  -0.110257663700584E-12
  -0.631996091953163E-12
  -0.330258882587250E-12
   0.257205217521145E-13
  -0.343465658242264E-12
  -0.216622503938875E+00
  -0.614703808407110E-12
   0.764509007540231E-13
  -0.311291283655814E+01
  -0.254898316064359E-13
  -0.825564815655724E-13
  -0.748716088069235E+00
   0.241538679961859E-12
  -0.461604809277136E+00
  -0.216048848355423E-12
   0.420011347450698E-12
  -0.613205056882865E-12
   0.128979570219714E-12
  -0.416590931572268E-13
   0.270839512408976E+00
   0.163430278890758E+01
   0.126032047246374E+01
  -0.371669287572614E+00
  -0.261450237768567E+00
  -0.373142185397606E+00
  -0.163430278890586E+01
  -0.126032047246407E+01
   0.371669287572434E+00
   0.261450237768347E+00
  -0.373142185397107E+00
   0.281739775738611E-13
   0.200131546587157E-12
  -0.422598895200141E-13
   0.395008734894455E-13
  -0.132292733814155E+00
   0.286396646136696E-13
   0.139069362449423E-12
  -0.244849436988302E-12
  -0.406273847559993E-13
  -0.133243189018785E-12
  -0.332853625108895E+00
   0.409248282798335E-13
   0.194338596039183E-12
   0.918828432737207E+00
  -0.447847808001659E-14
   0.137367400355408E-13
   0.497401903364117E-01
  -0.222143385113601E-13
   0.428760013425726E-01
   0.266928165913767E-13
  -0.252986830529211E+00
  -0.144639555328844E+01
  -0.724750235083919E+00
   0.500169236817189E-01
  -0.764437477411783E+00
   0.589871928564187E-13
  -0.182763798734387E+01
   0.340924195247438E+00
   0.128933090818961E-11
   0.477956811713511E-01
  -0.293138578977309E+00
   0.292115493292196E-12
   0.503975159005575E+00
   0.179854086674554E-12
  -0.551770840176926E+00
   0.663151829523361E+00
  -0.166034020306776E+01
   0.177961656040100E+00
  -0.593439244296253E-01
  -0.112641594439364E-12
   0.202943138814786E+01
  -0.266578538234137E+00
  -0.186591641050521E+00
  -0.280527204308687E+00
  -0.608577944594740E+00
   0.202943138814913E+01
  -0.266578538233060E+00
  -0.186591641050816E+00
  -0.280527204308895E+00
   0.608577944595026E+00
   0.559584014164088E+00
   0.270016722801898E+00
  -0.227257746562917E+00
   0.153893026163615E+00
   0.539490823348499E-13
   0.356634188129947E-01
   0.151605115014729E+00
  -0.488555348848509E+00
  -0.163978037311429E+00
  -0.303623190706652E+00
   0.136849316230182E-12
  -0.220089903462525E-01
   0.597433729416169E+00
  -0.377644001884144E-12
  -0.102083985383464E+00
   0.712076510442258E-01
  -0.200966509471014E-13
  -0.541970933481198E-03
  -0.188276754531468E-13
   0.102625956316945E+00
  -0.108774817624101E+00
  -0.568028788673026E+00
  -0.426691931541588E-01
   0.123982733016637E+01
  -0.228951145050430E-01
  -0.495593222107042E-12
   0.632627738412386E+00
   0.270237544404236E+00
   0.287178925315391E-12
  -0.749831994084879E+00
   0.461563151282083E+00
  -0.255121384746751E-12
   0.119647398374246E-01
  -0.175276356229825E-12
   0.737867254247454E+00
   0.285140455329202E+01
  -0.133893761197503E+01
   0.686266206207966E+00
  -0.299682429813952E+00
  -0.302368032574695E-13
  -0.103504200766312E+01
   0.460896154155689E+00
   0.710076770887753E-01
   0.475226772651498E-01
   0.205482975812658E+00
  -0.103504200766446E+01
   0.460896154156854E+00
   0.710076770889134E-01
   0.475226772652553E-01
  -0.205482975812961E+00
   0.221694629411690E+01
  -0.133445629302396E+01
  -0.541458070076393E+00
   0.812997855224143E-01
   0.125221375548103E-13
  -0.186782431949986E+00
  -0.917944507924113E+00
   0.543611936111215E+00
  -0.757652017581960E-01
  -0.100603146077309E-01
  -0.277666897949658E-14
  -0.101418418145259E+01
   0.565512639862340E+00
  -0.165316422846215E-13
  -0.315911068413086E+00
   0.217372328548704E+00
   0.861418352897693E-14
   0.164897151795567E+00
  -0.178954638428569E-13
   0.151013916617518E+00
  -0.570334830874102E-13
  -0.294045609949283E-12
   0.129015129000716E-13
   0.186531517543865E-12
  -0.193955915736425E-13
   0.177090562704599E+01
   0.417281443877184E-12
   0.145511846630488E-12
  -0.123448947484397E+01
  -0.162862438468385E-12
   0.662678005281859E-13
   0.858368182585169E+00
   0.106481129221919E-13
   0.603375042937021E+00
   0.152214325546193E-12
   0.677658853363619E-12
  -0.150551071271334E-12
   0.158273852368161E-12
  -0.881750988518148E-13
   0.122036590850470E+00
  -0.230056372070801E+01
   0.217041164262956E+01
   0.227557821647474E+00
   0.174438047494945E+00
   0.515879840015541E+00
   0.230056372070774E+01
  -0.217041164262967E+01
  -0.227557821647513E+00
  -0.174438047494960E+00
   0.515879840015484E+00
   0.923340286932870E-12
  -0.512362038123658E-12
  -0.227598055069707E-12
   0.316124228749983E-13
  -0.533763228497031E-01
  -0.756027200756725E-13
  -0.370493151986010E-12
   0.214331926422496E-12
  -0.282924314511236E-13
  -0.165223758029554E-13
  -0.111724190028489E-01
  -0.444999356203864E-12
   0.271366473706476E-12
   0.120765503451499E+00
  -0.140568179852491E-12
   0.783257606071251E-13
  -0.295455107947784E-01
   0.701423080003821E-13
   0.651982620329026E-01
   0.704258718521090E-13
  -0.128395084907135E+00
  -0.667572969664911E+00
  -0.238569115638587E-01
  -0.125182738775443E+01
  -0.256809086726709E-01
  -0.238372246585578E-12
   0.200697182778587E+01
   0.486902072798295E+00
   0.106460709580805E-12
   0.372896525745034E+00
  -0.446090771481089E+00
  -0.128442679597588E-12
  -0.170464333733117E-01
  -0.883928444864897E-13
  -0.355850092371723E+00
  -0.106611356586569E+01
   0.197151203127418E+01
  -0.283765659256805E+00
  -0.584159254452882E-02
  -0.107838321004559E-13
   0.976503006118811E+00
  -0.132528443623271E+01
  -0.274161999219931E+00
  -0.121696465927400E+00
  -0.151183233410239E+00
   0.976503006118127E+00
  -0.132528443623216E+01
  -0.274161999219857E+00
  -0.121696465927344E+00
   0.151183233410090E+00
   0.221030651865474E+01
  -0.106434732246193E+01
  -0.553963886706573E+00
   0.515914029573106E-01
   0.498441303350135E-14
  -0.176875885955102E+00
  -0.863933664439646E+00
   0.528558581858673E+00
  -0.423365935339159E-01
  -0.730999650801044E-01
  -0.353454841565256E-14
  -0.119400481228544E+01
   0.795549905172874E+00
   0.248104753709476E-15
  -0.380150392592824E+00
   0.133913156607756E+00
   0.480605972731415E-14
   0.177597388735187E+00
  -0.685626530963996E-14
   0.202553003857637E+00
  -0.578065757658493E+00
  -0.263402857216733E+01
   0.299115514607508E+01
   0.934150775962654E-03
   0.303802020982983E+00
  -0.154823817877135E-13
  -0.274640850654404E+00
   0.108385774595622E+01
   0.192639752902987E-13
   0.159356317695367E+00
   0.125476638807365E+00
  -0.829283020653114E-14
  -0.284773706854952E+00
  -0.106995833050148E-14
   0.125417389159586E+00
  -0.843567140497558E-01
  -0.661343190561789E+00
   0.576767191653100E-01
  -0.118582719704631E+00
  -0.445266776147896E-14
  -0.382455874062851E-01
  -0.540529049492747E+00
   0.111352294673855E-01
  -0.109471807930342E+00
  -0.122826828933447E-01
  -0.382455874063107E-01
  -0.540529049492712E+00
   0.111352294673864E-01
  -0.109471807930338E+00
   0.122826828933376E-01
  -0.217470784480138E+01
   0.922981375105114E+00
   0.516471938638558E+00
  -0.278006535336517E+00
   0.391342006419669E-15
  -0.665331876642376E+00
  -0.272166043057645E+01
   0.469397461513379E+01
   0.168590454861730E+00
  -0.205751400564993E+00
   0.699164964147205E-15
   0.908278569510804E+00
   0.623809792898632E+00
  -0.288031265626441E-14
   0.254162594325103E+00
  -0.142963651574363E+00
   0.450108495011590E-15
   0.546027114445935E-01
  -0.697470761603873E-15
  -0.308765305769697E+00
  -0.836972122774164E+00
  -0.331291535368757E+01
   0.763862872900642E+01
  -0.449971374822447E-02
  -0.588125647787591E+00
  -0.441546524432769E-13
   0.188745568856714E+00
  -0.491239499327978E+00
   0.305217703643333E-13
  -0.191689012044096E+00
  -0.302086145801076E-01
  -0.181356015190580E-13
   0.352924750014287E+00
  -0.451071885384290E-14
  -0.161235737970191E+00
  -0.538080733622802E+00
  -0.608315383160514E+00
  -0.268479332723551E-01
   0.606144307990660E-01
  -0.512160988233192E-14
  -0.656771556111706E+00
  -0.615166965390465E+00
  -0.179534235988807E-02
   0.550818719727209E-01
   0.232006443152985E-01
  -0.656771556111768E+00
  -0.615166965390415E+00
  -0.179534235987836E-02
   0.550818719727323E-01
  -0.232006443153186E-01
   0.103164963228345E+01
  -0.792366290885055E+00
  -0.196464724865591E+00
   0.116873395847413E+00
  -0.793936120432750E-16
   0.584153755373881E+00
   0.229092941486102E+01
  -0.455047978068642E+01
  -0.112724996288641E+00
   0.198356025052382E+00
   0.426848015594231E-15
  -0.273377995781436E+00
  -0.139922677069272E+01
  -0.122757742658080E-14
  -0.739841617493107E-01
   0.606390706911696E-01
   0.954058188623163E-15
  -0.931572739154194E-01
  -0.564989302978499E-15
   0.167141435664730E+00
