  0.109659456208730                1           1
  0.108589856063189                1           2
  0.108727124526084                1           3
  0.108727124526084                1           4
  0.107610524412049                1           5
  0.109721737328164                1           6
  0.109721737328164                1           7
  0.109378883403045                1           8
  0.109378883403045                1           9
  0.109575144167161                1          10
  0.107979559333715                1          11
  0.107979559333715                1          12
  0.108998006153191                1          13
  0.109413590263149                1          14
  0.109539288241577                1          15
  0.110168075904694                1          16
  0.109277958803259                1          17
  0.109277958803259                1          18
  0.109103391940942                1          19
  0.109103391940942                1          20
  0.109251498984322                1          21
  0.109251498984322                1          22
  0.108770108368509                1          23
  0.108770108368509                1          24
  0.106661567253123                1          25
  0.107852184542096                1          26
  0.107852184542096                1          27
  0.107343163963170                1          28
  0.109038157858051                1          29
  0.107945292374610                1          30
  0.108349149249039                1          31
  0.108411784807482                1          32
  0.106487360665898                1          33
  0.108589856063189                2           1
  0.107900920302123                2           2
  0.108260408284714                2           3
  0.108260408284714                2           4
  0.107434101169263                2           5
  0.108307545048520                2           6
  0.108307545048520                2           7
  0.108914427096012                2           8
  0.108914427096012                2           9
  0.108151448091935                2          10
  0.108156965449182                2          11
  0.108156965449182                2          12
  0.108639735308421                2          13
  0.108662703181204                2          14
  0.109131312230635                2          15
  0.109542534828488                2          16
  0.108773959440019                2          17
  0.108773959440019                2          18
  0.107792399463860                2          19
  0.107792399463861                2          20
  0.108358898332365                2          21
  0.108358898332365                2          22
  0.108361964964585                2          23
  0.108361964964585                2          24
  0.106336997011081                2          25
  0.107365197241254                2          26
  0.107365197241254                2          27
  0.106287844871591                2          28
  0.108350245576238                2          29
  0.107170749483629                2          30
  0.106993727658902                2          31
  0.106963389321382                2          32
  0.106175224173240                2          33
  0.108727124526084                3           1
  0.108260408284714                3           2
  0.108847867965771                3           3
  0.108831968174209                3           4
  0.108115737511718                3           5
  0.108173608551285                3           6
  0.108166819808488                3           7
  0.109502657198918                3           8
  0.109502657198918                3           9
  0.107981904078468                3          10
  0.109138323214550                3          11
  0.109136556450571                3          12
  0.109251170501543                3          13
  0.109000001914293                3          14
  0.109739803487225                3          15
  0.110019444822794                3          16
  0.109325165332586                3          17
  0.109325165332586                3          18
  0.107710698962171                3          19
  0.107719173481598                3          20
  0.108595100707364                3          21
  0.108603152433104                3          22
  0.108973066295453                3          23
  0.108974676931608                3          24
  0.106858927043021                3          25
  0.107878582138354                3          26
  0.107894064159796                3          27
  0.106293450775688                3          28
  0.108748421468067                3          29
  0.107455784017184                3          30
  0.106852470642241                3          31
  0.106739753810173                3          32
  0.106787636073274                3          33
  0.108727124526084                4           1
  0.108260408284714                4           2
  0.108831968174209                4           3
  0.108847867965772                4           4
  0.108115737511718                4           5
  0.108166819808488                4           6
  0.108173608551286                4           7
  0.109502657198918                4           8
  0.109502657198918                4           9
  0.107981904078468                4          10
  0.109136556450571                4          11
  0.109138323214551                4          12
  0.109251170501544                4          13
  0.109000001914294                4          14
  0.109739803487226                4          15
  0.110019444822795                4          16
  0.109325165332586                4          17
  0.109325165332586                4          18
  0.107719173481598                4          19
  0.107710698962171                4          20
  0.108603152433105                4          21
  0.108595100707365                4          22
  0.108974676931608                4          23
  0.108973066295454                4          24
  0.106858927043021                4          25
  0.107894064159796                4          26
  0.107878582138355                4          27
  0.106293450775689                4          28
  0.108748421468067                4          29
  0.107455784017184                4          30
  0.106852470642241                4          31
  0.106739753810174                4          32
  0.106787636073275                4          33
  0.107610524412049                5           1
  0.107434101169263                5           2
  0.108115737511718                5           3
  0.108115737511718                5           4
  0.107667717098181                5           5
  0.106843040104876                5           6
  0.106843040104876                5           7
  0.108780625389353                5           8
  0.108780625389353                5           9
  0.106667189173438                5          10
  0.108895317369111                5          11
  0.108895317369111                5          12
  0.108642288412611                5          13
  0.108121108231064                5          14
  0.109074528656118                5          15
  0.109192764420535                5          16
  0.108582662691995                5          17
  0.108582662691995                5          18
  0.106462988361232                5          19
  0.106462988361232                5          20
  0.107618814295739                5          21
  0.107618814295739                5          22
  0.108298536617499                5          23
  0.108298536617500                5          24
  0.106344747687494                5          25
  0.107176840824400                5          26
  0.107176840824400                5          27
  0.105280597508466                5          28
  0.107895936065185                5          29
  0.106574845466542                5          30
  0.105588545112619                5          31
  0.105425266048896                5          32
  0.106211901254962                5          33
  0.109721737328164                6           1
  0.108307545048520                6           2
  0.108173608551285                6           3
  0.108166819808488                6           4
  0.106843040104876                6           5
  0.110161147764427                6           6
  0.110157327284711                6           7
  0.108807365419139                6           8
  0.108807365419139                6           9
  0.110042136216919                6          10
  0.106809804018255                6          11
  0.106810448563711                6          12
  0.108359333267890                6          13
  0.109170117957311                6          14
  0.108922150414681                6          15
  0.109751077686827                6          16
  0.108754709181706                6          17
  0.108754709181706                6          18
  0.109450093838048                6          19
  0.109452155189623                6          20
  0.109151129764855                6          21
  0.109154796238087                6          22
  0.108157609461500                6          23
  0.108160995807306                6          24
  0.106095325348197                6          25
  0.107352875283542                6          26
  0.107361800473591                6          27
  0.107517493158582                6          28
  0.108722593015784                6          29
  0.107766876434654                6          30
  0.108773180654497                6          31
  0.108941741386429                6          32
  0.105851289618701                6          33
  0.109721737328164                7           1
  0.108307545048520                7           2
  0.108166819808488                7           3
  0.108173608551286                7           4
  0.106843040104876                7           5
  0.110157327284711                7           6
  0.110161147764427                7           7
  0.108807365419139                7           8
  0.108807365419139                7           9
  0.110042136216919                7          10
  0.106810448563711                7          11
  0.106809804018255                7          12
  0.108359333267890                7          13
  0.109170117957311                7          14
  0.108922150414681                7          15
  0.109751077686827                7          16
  0.108754709181706                7          17
  0.108754709181706                7          18
  0.109452155189623                7          19
  0.109450093838048                7          20
  0.109154796238087                7          21
  0.109151129764855                7          22
  0.108160995807306                7          23
  0.108157609461500                7          24
  0.106095325348197                7          25
  0.107361800473591                7          26
  0.107352875283542                7          27
  0.107517493158582                7          28
  0.108722593015784                7          29
  0.107766876434654                7          30
  0.108773180654496                7          31
  0.108941741386429                7          32
  0.105851289618700                7          33
  0.109378883403045                8           1
  0.108914427096012                8           2
  0.109502657198918                8           3
  0.109502657198918                8           4
  0.108780625389353                8           5
  0.108807365419139                8           6
  0.108807365419139                8           7
  0.110178837996515                8           8
  0.110178837756479                8           9
  0.108618054041090                8          10
  0.109824465134702                8          11
  0.109824465134702                8          12
  0.109930242658298                8          13
  0.109666287775357                8          14
  0.110424639547506                8          15
  0.110703982129648                8          16
  0.109997881272240                8          17
  0.109997881022319                8          18
  0.108345718128058                8          19
  0.108345718128058                8          20
  0.109253797326699                8          21
  0.109253797326699                8          22
  0.109641762619161                8          23
  0.109641762619162                8          24
  0.107501462556358                8          25
  0.108533795662701                8          26
  0.108533795662701                8          27
  0.106911099732546                8          28
  0.109408413140549                8          29
  0.108093618287882                8          30
  0.107468587414095                8          31
  0.107354366249857                8          32
  0.107419020379045                8          33
  0.109378883403045                9           1
  0.108914427096012                9           2
  0.109502657198918                9           3
  0.109502657198918                9           4
  0.108780625389353                9           5
  0.108807365419139                9           6
  0.108807365419139                9           7
  0.110178837756479                9           8
  0.110178837996515                9           9
  0.108618054041090                9          10
  0.109824465134702                9          11
  0.109824465134702                9          12
  0.109930242658298                9          13
  0.109666287775357                9          14
  0.110424639547506                9          15
  0.110703982129648                9          16
  0.109997881022319                9          17
  0.109997881272240                9          18
  0.108345718128058                9          19
  0.108345718128058                9          20
  0.109253797326699                9          21
  0.109253797326699                9          22
  0.109641762619161                9          23
  0.109641762619162                9          24
  0.107501462556358                9          25
  0.108533795662701                9          26
  0.108533795662701                9          27
  0.106911099732546                9          28
  0.109408413140549                9          29
  0.108093618287882                9          30
  0.107468587414096                9          31
  0.107354366249856                9          32
  0.107419020379042                9          33
  0.109575144167161               10           1
  0.108151448091935               10           2
  0.107981904078468               10           3
  0.107981904078468               10           4
  0.106667189173438               10           5
  0.110042136216919               10           6
  0.110042136216919               10           7
  0.108618054041090               10           8
  0.108618054041090               10           9
  0.109933729685035               10          10
  0.106599745463042               10          11
  0.106599745463042               10          12
  0.108179070441310               10          13
  0.109012764512160               10          14
  0.108736140724208               10          15
  0.109571876402193               10          16
  0.108570171637920               10          17
  0.108570171637920               10          18
  0.109331051486957               10          19
  0.109331051486957               10          20
  0.109002202599437               10          21
  0.109002202599438               10          22
  0.107970383911545               10          23
  0.107970383911545               10          24
  0.105943503315467               10          25
  0.107181708990356               10          26
  0.107181708990356               10          27
  0.107410059669952               10          28
  0.108555541748644               10          29
  0.107619444121261               10          30
  0.108664728237093               10          31
  0.108844637480008               10          32
  0.105673186393589               10          33
  0.107979559333715               11           1
  0.108156965449182               11           2
  0.109138323214550               11           3
  0.109136556450571               11           4
  0.108895317369111               11           5
  0.106809804018255               11           6
  0.106810448563711               11           7
  0.109824465134702               11           8
  0.109824465134702               11           9
  0.106599745463042               11          10
  0.110560207185532               11          11
  0.110557197153358               11          12
  0.109750124238867               11          13
  0.108811960263591               11          14
  0.110167053209980               11          15
  0.110079480751445               11          16
  0.109573346783099               11          17
  0.109573346783099               11          18
  0.106517124667568               11          19
  0.106521106482580               11          20
  0.108153452447268               11          21
  0.108154064074445               11          22
  0.109379965295961               11          23
  0.109374821935708               11          24
  0.107345048351532               11          25
  0.108121986638031               11          26
  0.108119577247763               11          27
  0.105498198629866               11          28
  0.108661380419438               11          29
  0.107180403635732               11          30
  0.105554206229537               11          31
  0.105277685750487               11          32
  0.107291556373011               11          33
  0.107979559333715               12           1
  0.108156965449182               12           2
  0.109136556450571               12           3
  0.109138323214551               12           4
  0.108895317369111               12           5
  0.106810448563711               12           6
  0.106809804018255               12           7
  0.109824465134702               12           8
  0.109824465134702               12           9
  0.106599745463042               12          10
  0.110557197153358               12          11
  0.110560207185532               12          12
  0.109750124238867               12          13
  0.108811960263591               12          14
  0.110167053209980               12          15
  0.110079480751445               12          16
  0.109573346783099               12          17
  0.109573346783099               12          18
  0.106521106482580               12          19
  0.106517124667568               12          20
  0.108154064074445               12          21
  0.108153452447268               12          22
  0.109374821935708               12          23
  0.109379965295961               12          24
  0.107345048351532               12          25
  0.108119577247763               12          26
  0.108121986638031               12          27
  0.105498198629866               12          28
  0.108661380419438               12          29
  0.107180403635733               12          30
  0.105554206229537               12          31
  0.105277685750487               12          32
  0.107291556373008               12          33
  0.108998006153191               13           1
  0.108639735308421               13           2
  0.109251170501543               13           3
  0.109251170501544               13           4
  0.108642288412611               13           5
  0.108359333267890               13           6
  0.108359333267890               13           7
  0.109930242658298               13           8
  0.109930242658298               13           9
  0.108179070441310               13          10
  0.109750124238867               13          11
  0.109750124238867               13          12
  0.109730535284985               13          13
  0.109373108935071               13          14
  0.110201181637574               13          15
  0.110422581552468               13          16
  0.109743457520696               13          17
  0.109743457520696               13          18
  0.107923461860764               13          19
  0.107923461860764               13          20
  0.108923324050018               13          21
  0.108923324050018               13          22
  0.109409721663001               13          23
  0.109409721663001               13          24
  0.107346418542174               13          25
  0.108292091713870               13          26
  0.108292091713870               13          27
  0.106584264249763               13          28
  0.109118927304069               13          29
  0.107799251628374               13          30
  0.107044946162592               13          31
  0.106916933967391               13          32
  0.107223826026856               13          33
  0.109413590263149               14           1
  0.108662703181204               14           2
  0.109000001914293               14           3
  0.109000001914294               14           4
  0.108121108231064               14           5
  0.109170117957311               14           6
  0.109170117957311               14           7
  0.109666287775357               14           8
  0.109666287775357               14           9
  0.109012764512160               14          10
  0.108811960263591               14          11
  0.108811960263591               14          12
  0.109373108935071               14          13
  0.109447151992468               14          14
  0.109880417561951               14          15
  0.110327576354883               14          16
  0.109528178814249               14          17
  0.109528178814249               14          18
  0.108631905455518               14          19
  0.108631905455518               14          20
  0.109155472284108               14          21
  0.109155472284108               14          22
  0.109096176939545               14          23
  0.109096176939545               14          24
  0.107022915133946               14          25
  0.108090480323901               14          26
  0.108090480323901               14          27
  0.107067258183416               14          28
  0.109120379564780               14          29
  0.107930607010153               14          30
  0.107824543484648               14          31
  0.107806390865094               14          32
  0.106856003282936               14          33
  0.109539288241577               15           1
  0.109131312230635               15           2
  0.109739803487225               15           3
  0.109739803487226               15           4
  0.109074528656118               15           5
  0.108922150414681               15           6
  0.108922150414681               15           7
  0.110424639547506               15           8
  0.110424639547506               15           9
  0.108736140724208               15          10
  0.110167053209980               15          11
  0.110167053209980               15          12
  0.110201181637574               15          13
  0.109880417561951               15          14
  0.110687467482961               15          15
  0.110936130280709               15          16
  0.110238233983867               15          17
  0.110238233983867               15          18
  0.108470844104574               15          19
  0.108470844104574               15          20
  0.109441880376832               15          21
  0.109441880376832               15          22
  0.109891423835337               15          23
  0.109891423835337               15          24
  0.107772461663594               15          25
  0.108766184426464               15          26
  0.108766184426464               15          27
  0.107076844411010               15          28
  0.109622150639350               15          29
  0.108291380908750               15          30
  0.107584307846249               15          31
  0.107461332666848               15          32
  0.107667020495288               15          33
  0.110168075904694               16           1
  0.109542534828488               16           2
  0.110019444822794               16           3
  0.110019444822795               16           4
  0.109192764420535               16           5
  0.109751077686827               16           6
  0.109751077686827               16           7
  0.110703982129648               16           8
  0.110703982129648               16           9
  0.109571876402193               16          10
  0.110079480751445               16          11
  0.110079480751445               16          12
  0.110422581552468               16          13
  0.110327576354883               16          14
  0.110936130280709               16          15
  0.111309708691954               16          16
  0.110540714918517               16          17
  0.110540714918517               16          18
  0.109239872071931               16          19
  0.109239872071931               16          20
  0.109969790427841               16          21
  0.109969790427841               16          22
  0.110138409808708               16          23
  0.110138409808708               16          24
  0.107977197832850               16          25
  0.109058607588829               16          26
  0.109058607588829               16          27
  0.107701784044926               16          28
  0.110031274394262               16          29
  0.108750991405115               16          30
  0.108379082245655               16          31
  0.108310519959190               16          32
  0.107858426613135               16          33
  0.109277958803259               17           1
  0.108773959440019               17           2
  0.109325165332586               17           3
  0.109325165332586               17           4
  0.108582662691995               17           5
  0.108754709181706               17           6
  0.108754709181706               17           7
  0.109997881272240               17           8
  0.109997881022319               17           9
  0.108570171637920               17          10
  0.109573346783099               17          11
  0.109573346783099               17          12
  0.109743457520696               17          13
  0.109528178814249               17          14
  0.110238233983867               17          15
  0.110540714918517               17          16
  0.109823564376396               17          17
  0.109823564115968               17          18
  0.108283460956003               17          19
  0.108283460956003               17          20
  0.109134256014555               17          21
  0.109134256014555               17          22
  0.109457726176710               17          23
  0.109457726176710               17          24
  0.107332620997886               17          25
  0.108367560405806               17          26
  0.108367560405806               17          27
  0.106833851417972               17          28
  0.109261502979571               17          29
  0.107967841288747               17          30
  0.107418465068036               17          31
  0.107317824427578               17          32
  0.107238880331808               17          33
  0.109277958803259               18           1
  0.108773959440019               18           2
  0.109325165332586               18           3
  0.109325165332586               18           4
  0.108582662691995               18           5
  0.108754709181706               18           6
  0.108754709181706               18           7
  0.109997881022319               18           8
  0.109997881272240               18           9
  0.108570171637920               18          10
  0.109573346783099               18          11
  0.109573346783099               18          12
  0.109743457520696               18          13
  0.109528178814249               18          14
  0.110238233983867               18          15
  0.110540714918517               18          16
  0.109823564115968               18          17
  0.109823564376396               18          18
  0.108283460956003               18          19
  0.108283460956003               18          20
  0.109134256014555               18          21
  0.109134256014555               18          22
  0.109457726176710               18          23
  0.109457726176710               18          24
  0.107332620997886               18          25
  0.108367560405805               18          26
  0.108367560405805               18          27
  0.106833851417972               18          28
  0.109261502979571               18          29
  0.107967841288748               18          30
  0.107418465068036               18          31
  0.107317824427576               18          32
  0.107238880331807               18          33
  0.109103391940942               19           1
  0.107792399463860               19           2
  0.107710698962171               19           3
  0.107719173481598               19           4
  0.106462988361232               19           5
  0.109450093838048               19           6
  0.109452155189623               19           7
  0.108345718128058               19           8
  0.108345718128058               19           9
  0.109331051486957               19          10
  0.106517124667568               19          11
  0.106521106482580               19          12
  0.107923461860764               19          13
  0.108631905455518               19          14
  0.108470844104574               19          15
  0.109239872071931               19          16
  0.108283460956003               19          17
  0.108283460956003               19          18
  0.108779181486627               19          19
  0.108770762757497               19          20
  0.108583534418234               19          21
  0.108579480099255               19          22
  0.107714428723224               19          23
  0.107719599648425               19          24
  0.105684080522839               19          25
  0.106904564194862               19          26
  0.106901051705382               19          27
  0.106916351320078               19          28
  0.108205917960624               19          29
  0.107236467204564               19          30
  0.108091703854311               19          31
  0.108234824815323               19          32
  0.105452970773891               19          33
  0.109103391940942               20           1
  0.107792399463861               20           2
  0.107719173481598               20           3
  0.107710698962171               20           4
  0.106462988361232               20           5
  0.109452155189623               20           6
  0.109450093838048               20           7
  0.108345718128058               20           8
  0.108345718128058               20           9
  0.109331051486957               20          10
  0.106521106482580               20          11
  0.106517124667568               20          12
  0.107923461860764               20          13
  0.108631905455518               20          14
  0.108470844104574               20          15
  0.109239872071931               20          16
  0.108283460956003               20          17
  0.108283460956003               20          18
  0.108770762757497               20          19
  0.108779181486627               20          20
  0.108579480099255               20          21
  0.108583534418234               20          22
  0.107719599648425               20          23
  0.107714428723225               20          24
  0.105684080522839               20          25
  0.106901051705382               20          26
  0.106904564194862               20          27
  0.106916351320078               20          28
  0.108205917960624               20          29
  0.107236467204564               20          30
  0.108091703854311               20          31
  0.108234824815324               20          32
  0.105452970773895               20          33
  0.109251498984322               21           1
  0.108358898332365               21           2
  0.108595100707364               21           3
  0.108603152433105               21           4
  0.107618814295739               21           5
  0.109151129764855               21           6
  0.109154796238087               21           7
  0.109253797326699               21           8
  0.109253797326699               21           9
  0.109002202599437               21          10
  0.108153452447268               21          11
  0.108154064074445               21          12
  0.108923324050018               21          13
  0.109155472284108               21          14
  0.109441880376832               21          15
  0.109969790427841               21          16
  0.109134256014555               21          17
  0.109134256014555               21          18
  0.108583534418234               21          19
  0.108579480099255               21          20
  0.108928227504624               21          21
  0.108924074883405               21          22
  0.108670821512523               21          23
  0.108669487263860               21          24
  0.106598876297461               21          25
  0.107717447228147               21          26
  0.107709121355897               21          27
  0.106938896955573               21          28
  0.108807985848456               21          29
  0.107672457488939               21          30
  0.107804929432129               21          31
  0.107824518269060               21          32
  0.106427431269711               21          33
  0.109251498984322               22           1
  0.108358898332365               22           2
  0.108603152433104               22           3
  0.108595100707365               22           4
  0.107618814295739               22           5
  0.109154796238087               22           6
  0.109151129764855               22           7
  0.109253797326699               22           8
  0.109253797326699               22           9
  0.109002202599438               22          10
  0.108154064074445               22          11
  0.108153452447268               22          12
  0.108923324050018               22          13
  0.109155472284108               22          14
  0.109441880376832               22          15
  0.109969790427841               22          16
  0.109134256014555               22          17
  0.109134256014555               22          18
  0.108579480099255               22          19
  0.108583534418234               22          20
  0.108924074883405               22          21
  0.108928227504624               22          22
  0.108669487263860               22          23
  0.108670821512523               22          24
  0.106598876297461               22          25
  0.107709121355897               22          26
  0.107717447228147               22          27
  0.106938896955573               22          28
  0.108807985848455               22          29
  0.107672457488938               22          30
  0.107804929432130               22          31
  0.107824518269057               22          32
  0.106427431269712               22          33
  0.108770108368509               23           1
  0.108361964964585               23           2
  0.108973066295453               23           3
  0.108974676931608               23           4
  0.108298536617499               23           5
  0.108157609461500               23           6
  0.108160995807306               23           7
  0.109641762619161               23           8
  0.109641762619161               23           9
  0.107970383911545               23          10
  0.109379965295961               23          11
  0.109374821935708               23          12
  0.109409721663001               23          13
  0.109096176939545               23          14
  0.109891423835337               23          15
  0.110138409808708               23          16
  0.109457726176710               23          17
  0.109457726176710               23          18
  0.107714428723224               23          19
  0.107719599648425               23          20
  0.108670821512523               23          21
  0.108669487263860               23          22
  0.109124190945726               23          23
  0.109113823919329               23          24
  0.107014147366872               23          25
  0.108018575789940               23          26
  0.108009030976050               23          27
  0.106332230495407               23          28
  0.108850589086129               23          29
  0.107538971062627               23          30
  0.106843681662715               23          31
  0.106717370394793               23          32
  0.106936034120536               23          33
  0.108770108368509               24           1
  0.108361964964585               24           2
  0.108974676931608               24           3
  0.108973066295454               24           4
  0.108298536617500               24           5
  0.108160995807306               24           6
  0.108157609461500               24           7
  0.109641762619162               24           8
  0.109641762619162               24           9
  0.107970383911545               24          10
  0.109374821935708               24          11
  0.109379965295961               24          12
  0.109409721663001               24          13
  0.109096176939545               24          14
  0.109891423835337               24          15
  0.110138409808708               24          16
  0.109457726176710               24          17
  0.109457726176710               24          18
  0.107719599648425               24          19
  0.107714428723225               24          20
  0.108669487263860               24          21
  0.108670821512523               24          22
  0.109113823919329               24          23
  0.109124190945727               24          24
  0.107014147366872               24          25
  0.108009030976050               24          26
  0.108018575789941               24          27
  0.106332230495407               24          28
  0.108850589086129               24          29
  0.107538971062626               24          30
  0.106843681662713               24          31
  0.106717370394798               24          32
  0.106936034120546               24          33
  0.106661567253123               25           1
  0.106336997011081               25           2
  0.106858927043021               25           3
  0.106858927043021               25           4
  0.106344747687494               25           5
  0.106095325348197               25           6
  0.106095325348197               25           7
  0.107501462556358               25           8
  0.107501462556358               25           9
  0.105943503315467               25          10
  0.107345048351532               25          11
  0.107345048351532               25          12
  0.107346418542174               25          13
  0.107022915133946               25          14
  0.107772461663594               25          15
  0.107977197832850               25          16
  0.107332620997886               25          17
  0.107332620997886               25          18
  0.105684080522839               25          19
  0.105684080522839               25          20
  0.106598876297461               25          21
  0.106598876297461               25          22
  0.107014147366872               25          23
  0.107014147366872               25          24
  0.105157942792629               25          25
  0.105979279110174               25          26
  0.105979279110174               25          27
  0.104467726112802               25          28
  0.106763955227530               25          29
  0.105548094657106               25          30
  0.104871947937820               25          31
  0.104766572630728               25          32
  0.104974642744176               25          33
  0.107852184542096               26           1
  0.107365197241254               26           2
  0.107878582138354               26           3
  0.107894064159796               26           4
  0.107176840824400               26           5
  0.107352875283542               26           6
  0.107361800473591               26           7
  0.108533795662701               26           8
  0.108533795662701               26           9
  0.107181708990356               26          10
  0.108121986638031               26          11
  0.108119577247763               26          12
  0.108292091713870               26          13
  0.108090480323901               26          14
  0.108766184426464               26          15
  0.109058607588829               26          16
  0.108367560405806               26          17
  0.108367560405805               26          18
  0.106904564194862               26          19
  0.106901051705382               26          20
  0.107717447228147               26          21
  0.107709121355897               26          22
  0.108018575789940               26          23
  0.108009030976050               26          24
  0.105979279110174               26          25
  0.106979147979922               26          26
  0.106957608495330               26          27
  0.105509833943189               26          28
  0.107830897324169               26          29
  0.106589365206099               26          30
  0.106071972516532               26          31
  0.105976995085258               26          32
  0.105879988432292               26          33
  0.107852184542096               27           1
  0.107365197241254               27           2
  0.107894064159796               27           3
  0.107878582138355               27           4
  0.107176840824400               27           5
  0.107361800473591               27           6
  0.107352875283542               27           7
  0.108533795662701               27           8
  0.108533795662701               27           9
  0.107181708990356               27          10
  0.108119577247763               27          11
  0.108121986638031               27          12
  0.108292091713870               27          13
  0.108090480323901               27          14
  0.108766184426464               27          15
  0.109058607588829               27          16
  0.108367560405806               27          17
  0.108367560405805               27          18
  0.106901051705382               27          19
  0.106904564194862               27          20
  0.107709121355897               27          21
  0.107717447228147               27          22
  0.108009030976050               27          23
  0.108018575789941               27          24
  0.105979279110174               27          25
  0.106957608495330               27          26
  0.106979147979922               27          27
  0.105509833943190               27          28
  0.107830897324169               27          29
  0.106589365206099               27          30
  0.106071972516528               27          31
  0.105976995085256               27          32
  0.105879988432273               27          33
  0.107343163963170               28           1
  0.106287844871591               28           2
  0.106293450775688               28           3
  0.106293450775689               28           4
  0.105280597508466               28           5
  0.107517493158582               28           6
  0.107517493158582               28           7
  0.106911099732546               28           8
  0.106911099732546               28           9
  0.107410059669952               28          10
  0.105498198629866               28          11
  0.105498198629866               28          12
  0.106584264249763               28          13
  0.107067258183416               28          14
  0.107076844411010               28          15
  0.107701784044926               28          16
  0.106833851417972               28          17
  0.106833851417972               28          18
  0.106916351320078               28          19
  0.106916351320078               28          20
  0.106938896955573               28          21
  0.106938896955573               28          22
  0.106332230495407               28          23
  0.106332230495407               28          24
  0.104467726112802               28          25
  0.105509833943189               28          26
  0.105509833943190               28          27
  0.105285803119810               28          28
  0.106671864643971               28          29
  0.105703349437189               28          30
  0.106240225113696               28          31
  0.106341459446993               28          32
  0.104197128714772               28          33
  0.109038157858051               29           1
  0.108350245576238               29           2
  0.108748421468067               29           3
  0.108748421468067               29           4
  0.107895936065185               29           5
  0.108722593015784               29           6
  0.108722593015784               29           7
  0.109408413140549               29           8
  0.109408413140549               29           9
  0.108555541748644               29          10
  0.108661380419438               29          11
  0.108661380419438               29          12
  0.109118927304069               29          13
  0.109120379564780               29          14
  0.109622150639350               29          15
  0.110031274394262               29          16
  0.109261502979571               29          17
  0.109261502979571               29          18
  0.108205917960624               29          19
  0.108205917960624               29          20
  0.108807985848456               29          21
  0.108807985848455               29          22
  0.108850589086129               29          23
  0.108850589086129               29          24
  0.106763955227530               29          25
  0.107830897324169               29          26
  0.107830897324169               29          27
  0.106671864643971               29          28
  0.108816379694149               29          29
  0.107606357285197               29          30
  0.107388444993550               29          31
  0.107346212406221               29          32
  0.106633372283859               29          33
  0.107945292374610               30           1
  0.107170749483629               30           2
  0.107455784017184               30           3
  0.107455784017184               30           4
  0.106574845466542               30           5
  0.107766876434654               30           6
  0.107766876434654               30           7
  0.108093618287882               30           8
  0.108093618287882               30           9
  0.107619444121261               30          10
  0.107180403635732               30          11
  0.107180403635733               30          12
  0.107799251628374               30          13
  0.107930607010153               30          14
  0.108291380908750               30          15
  0.108750991405115               30          16
  0.107967841288747               30          17
  0.107967841288748               30          18
  0.107236467204564               30          19
  0.107236467204564               30          20
  0.107672457488939               30          21
  0.107672457488938               30          22
  0.107538971062627               30          23
  0.107538971062626               30          24
  0.105548094657106               30          25
  0.106589365206099               30          26
  0.106589365206099               30          27
  0.105703349437189               30          28
  0.107606357285197               30          29
  0.106482358007325               30          30
  0.106471226937247               30          31
  0.106469106787116               30          32
  0.105380597591814               30          33
  0.108349149249039               31           1
  0.106993727658902               31           2
  0.106852470642241               31           3
  0.106852470642241               31           4
  0.105588545112619               31           5
  0.108773180654497               31           6
  0.108773180654496               31           7
  0.107468587414095               31           8
  0.107468587414096               31           9
  0.108664728237093               31          10
  0.105554206229537               31          11
  0.105554206229537               31          12
  0.107044946162592               31          13
  0.107824543484648               31          14
  0.107584307846249               31          15
  0.108379082245655               31          16
  0.107418465068036               31          17
  0.107418465068036               31          18
  0.108091703854311               31          19
  0.108091703854311               31          20
  0.107804929432129               31          21
  0.107804929432130               31          22
  0.106843681662715               31          23
  0.106843681662713               31          24
  0.104871947937820               31          25
  0.106071972516532               31          26
  0.106071972516528               31          27
  0.106240225113696               31          28
  0.107388444993550               31          29
  0.106471226937247               31          30
  0.107440519305368               31          31
  0.107606031493384               31          32
  0.104620645703384               31          33
  0.108411784807482               32           1
  0.106963389321382               32           2
  0.106739753810173               32           3
  0.106739753810174               32           4
  0.105425266048896               32           5
  0.108941741386429               32           6
  0.108941741386429               32           7
  0.107354366249857               32           8
  0.107354366249856               32           9
  0.108844637480008               32          10
  0.105277685750487               32          11
  0.105277685750487               32          12
  0.106916933967391               32          13
  0.107806390865094               32          14
  0.107461332666848               32          15
  0.108310519959190               32          16
  0.107317824427578               32          17
  0.107317824427576               32          18
  0.108234824815323               32          19
  0.108234824815324               32          20
  0.107824518269060               32          21
  0.107824518269057               32          22
  0.106717370394793               32          23
  0.106717370394798               32          24
  0.104766572630728               32          25
  0.105976995085258               32          26
  0.105976995085256               32          27
  0.106341459446993               32          28
  0.107346212406221               32          29
  0.106469106787116               32          30
  0.107606031493384               32          31
  0.107804165761651               32          32
  0.104484843877915               32          33
  0.106487360665898               33           1
  0.106175224173240               33           2
  0.106787636073274               33           3
  0.106787636073275               33           4
  0.106211901254962               33           5
  0.105851289618701               33           6
  0.105851289618700               33           7
  0.107419020379045               33           8
  0.107419020379042               33           9
  0.105673186393589               33          10
  0.107291556373011               33          11
  0.107291556373008               33          12
  0.107223826026856               33          13
  0.106856003282936               33          14
  0.107667020495288               33          15
  0.107858426613135               33          16
  0.107238880331808               33          17
  0.107238880331807               33          18
  0.105452970773891               33          19
  0.105452970773895               33          20
  0.106427431269711               33          21
  0.106427431269712               33          22
  0.106936034120536               33          23
  0.106936034120546               33          24
  0.104974642744176               33          25
  0.105879988432292               33          26
  0.105879988432273               33          27
  0.104197128714772               33          28
  0.106633372283859               33          29
  0.105380597591814               33          30
  0.104620645703384               33          31
  0.104484843877915               33          32
  0.104894161639895               33          33
